'2357',5200,84700,,'',0,9700,,'',0,9900,,'',0,10500,,'',0,10500,,'',0,10500,,'',0,14500,,'',0,10500,,'',0,10500,,'',0,9900,,'',0
'2357',5201,92800,4,'',0,10500,4,'',0,10500,4,'',0,10500,4,'',0,10500,4,'',0,10500,4,'',0,10500,4,'',0,10000,4,'',0,9500,4,'',0,9400,4,'',0
'2358',5200,60500,,'',0,10500,,'',0,11500,,'',0,10400,,'',0,10400,,'',0,10000,,'',0,10500,,'',0,10500,,'',0,10800,,'',0,10400,,'',0,10300,,'',0,14500,,'',0,5500,,'',0,14400,,'',0,5500,,'',0,8500,,'',0,19200,,'',0
'2358',5201,70300,4,'',0,10600,4,'',0,10600,4,'',0,10000,4,'',0,10600,4,'',0,10600,4,'',0,10000,4,'',0,10500,4,'',0,10500,4,'',0,10500,4,'',0,10100,4,'',0,10500,4,'',0,9500,4,'',0,10000,4,'',0,18000,4,'',0
'2363',5200,85700,,'',0,15100,,'',0,10000,,'',0,10000,,'',0,10000,,'',0,10000,,'',0,10000,,'',0,10000,,'',0,10000,,'',0,9800,,'',0,9600,,'',0,10000,,'',0,9900,,'',0,5100,,'',0
'2363',5201,85300,4,'',0,10000,4,'',0,10000,4,'',0,10000,4,'',0,10000,4,'',0,10000,4,'',0,10000,4,'',0,10000,4,'',0,9900,4,'',0,9600,4,'',0,10000,4,'',0,10000,4,'',0,9500,4,'',0,18000,4,'',0
'2357',5400,93900,4,'',0,9900,4,'',0,10500,4,'',0,10500,4,'',0,10500,4,'',0,10500,4,'',0,14500,4,'',0,10500,4,'',0,9900,4,'',0,9500,4,'',0
'2357',5401,93000,,'',0,10500,,'',0,10500,,'',0,10500,,'',0,10500,,'',0,10500,,'',0,14500,,'',0,10000,,'',0,5500,,'',0
'2358',5400,60200,4,'',0,10300,4,'',0,11500,4,'',0,10400,4,'',0,10400,4,'',0,10000,4,'',0,10500,4,'',0,10500,4,'',0,10800,4,'',0,10400,4,'',0,10300,4,'',0,10500,4,'',0,9500,4,'',0,10400,4,'',0,9500,4,'',0,27700,4,'',0
'2358',5401,60000,,'',0,10500,,'',0,11000,,'',0,10500,,'',0,10000,,'',0,10500,,'',0,10500,,'',0,10000,,'',0,10500,,'',0,10500,,'',0,10500,,'',0,10000,,'',0,10500,,'',0,9500,,'',0,10000,,'',0,18000,,'',0
'2363',5400,85200,4,'',0,15100,4,'',0,10000,4,'',0,10000,4,'',0,10000,4,'',0,10000,4,'',0,10000,4,'',0,10000,4,'',0,10000,4,'',0,9800,4,'',0,5600,4,'',0,10000,4,'',0,9900,4,'',0
'2363',5401,85500,,'',0,10000,,'',0,10000,,'',0,10000,,'',0,10000,,'',0,10000,,'',0,10000,,'',0,10000,,'',0,9900,,'',0,9600,,'',0,10000,,'',0,10000,,'',0,9500,,'',0,18000,,'',0
'2357',5700,91900,,'',0,10000,,'',0,10000,,'',0,10000,,'',0,10000,,'',0,10000,,'',0,10000,,'',0,10500,,'',0,10000,,'',0
'2357',5701,94800,4,'',0,10000,4,'',0,10000,4,'',0,10000,4,'',0,10000,4,'',0,10000,4,'',0,10500,4,'',0,10000,4,'',0,10000,4,'',0
'2358',5700,60000,,'',0,10000,,'',0,10000,,'',0,10000,,'',0,5500,,'',0,10000,,'',0,10000,,'',0,10000,,'',0,9500,,'',0,10700,,'',0,10000,,'',0,10000,,'',0,9800,,'',0,9100,,'',0,16000,,'',0,13000,,'',0
'2358',5701,62500,4,'',0,12600,4,'',0,10600,4,'',0,6400,4,'',0,10000,4,'',0,10100,4,'',0,10000,4,'',0,9500,4,'',0,10500,4,'',0,10100,4,'',0,9900,4,'',0,9900,4,'',0,9400,4,'',0,12000,4,'',0,17000,4,'',0
'2363',5700,94000,,'',0,10000,,'',0,10000,,'',0,10000,,'',0,10000,,'',0,10000,,'',0,10000,,'',0,10000,,'',0,10000,,'',0,10000,,'',0,16900,,'',0,13000,,'',0
'2363',5701,100800,4,'',0,9800,4,'',0,10000,4,'',0,10000,4,'',0,10000,4,'',0,10000,4,'',0,10000,4,'',0,10000,4,'',0,9900,4,'',0,13000,4,'',0,17000,4,'',0
'2357',5800,91600,4,'',0,10000,4,'',0,10000,4,'',0,10000,4,'',0,10000,4,'',0,10000,4,'',0,10000,4,'',0,10500,4,'',0,10000,4,'',0,10000,4,'',0
'2357',5801,85000,,'',0,10000,,'',0,10000,,'',0,10000,,'',0,10000,,'',0,10000,,'',0,10000,,'',0,10500,,'',0,10000,,'',0,10000,,'',0
'2358',5800,55700,4,'',0,9900,4,'',0,17300,4,'',0,12300,4,'',0,10000,4,'',0,10000,4,'',0,10000,4,'',0,9500,4,'',0,10700,4,'',0,10000,4,'',0,10000,4,'',0,9700,4,'',0,9200,4,'',0,16000,4,'',0,13000,4,'',0
'2358',5801,63000,,'',0,17000,,'',0,12500,,'',0,10000,,'',0,10000,,'',0,10000,,'',0,9500,,'',0,10500,,'',0,10000,,'',0,10000,,'',0,10000,,'',0,9200,,'',0,12000,,'',0,17000,,'',0
'2363',5800,93600,4,'',0,10000,4,'',0,10000,4,'',0,10000,4,'',0,10000,4,'',0,10000,4,'',0,10000,4,'',0,10000,4,'',0,10000,4,'',0,10000,4,'',0,17000,4,'',0,13000,4,'',0
'2363',5801,91000,,'',0,10000,,'',0,10000,,'',0,10000,,'',0,10000,,'',0,10000,,'',0,10000,,'',0,10000,,'',0,10000,,'',0,10000,,'',0,13000,,'',0,17000,,'',0
'2358',5900,160500,,'',0,1700,,'',0,8300,,'',0,1700,,'',0
'2358',5901,64000,,'',0,1600,4,'',0,8400,,'',0,1600,4,'',0
