'1185',5100,53300,,'',0,7000,,'',0,4500,,'',0,6000,,'',0,1500,,'',0,1500,,'',0,1500,,'',0,5500,,'',0,1500,,'',0,1500,,'',0,1500,,'',0,5500,,'',0,2200,,'',0,2000,,'',0,6000,,'',0,2000,,'',0,2000,,'',0,6000,,'',0,2000,,'',0,2000,,'',0,6000,,'',0,2000,,'',0,2000,,'',0,6000,,'',0,2000,,'',0,2000,,'',0,6000,,'',0,2500,,'',0,1500,,'',0,6000,,'',0,1000,,'',0,1100,,'',0,1500,,'',0,5500,,'',0,1500,,'',0,1000,,'',0,2000,,'',0,5500,,'',0,1500,,'',0,1500,,'',0,1000,,'',0,6000,,'',0,1400,,'',0,1500,,'',0,8000,,'',0,10000,,'',0,10000,,'',0,10000,,'',0,10000,,'',0
'1185',5101,64600,4,'',0,6000,4,'',0,1500,4,'',0,1500,4,'',0,1500,4,'',0,5500,4,'',0,1500,4,'',0,1500,4,'',0,1500,4,'',0,5500,4,'',0,2200,4,'',0,2000,4,'',0,6000,4,'',0,2000,4,'',0,2000,4,'',0,6000,4,'',0,2000,4,'',0,2000,4,'',0,6000,4,'',0,2000,4,'',0,2000,4,'',0,6000,4,'',0,2000,4,'',0,2000,4,'',0,6000,4,'',0,2000,4,'',0,2000,4,'',0,6000,4,'',0,2100,4,'',0,1500,4,'',0,1500,4,'',0,5500,4,'',0,1000,4,'',0,2000,4,'',0,1500,4,'',0,5500,4,'',0,1500,4,'',0,1000,4,'',0,2000,4,'',0,5500,4,'',0,1400,4,'',0,2000,4,'',0,6000,4,'',0,10000,4,'',0,10000,4,'',0,10000,4,'',0,10000,4,'',0
'1192',5100,53300,,'',0,7000,,'',0,4500,,'',0,6000,,'',0,1500,,'',0,1500,,'',0,1500,,'',0,5500,,'',0,1500,,'',0,1500,,'',0,1500,,'',0,5500,,'',0,2200,,'',0,2000,,'',0,6000,,'',0,2000,,'',0,2000,,'',0,6000,,'',0,2000,,'',0,2000,,'',0,6000,,'',0,2000,,'',0,2000,,'',0,6000,,'',0,2000,,'',0,2000,,'',0,6000,,'',0,2500,,'',0,1500,,'',0,6000,,'',0,1000,,'',0,1100,,'',0,1500,,'',0,5500,,'',0,1500,,'',0,1000,,'',0,2000,,'',0,5500,,'',0,1500,,'',0,1500,,'',0,1000,,'',0,6000,,'',0,1400,,'',0,1500,,'',0,8000,,'',0,10000,,'',0,10000,,'',0,10000,,'',0,10000,,'',0
'1192',5101,64600,4,'',0,6000,4,'',0,1500,4,'',0,1500,4,'',0,1500,4,'',0,5500,4,'',0,1500,4,'',0,1500,4,'',0,1500,4,'',0,5500,4,'',0,2200,4,'',0,2000,4,'',0,6000,4,'',0,2000,4,'',0,2000,4,'',0,6000,4,'',0,2000,4,'',0,2000,4,'',0,6000,4,'',0,2000,4,'',0,2000,4,'',0,6000,4,'',0,2000,4,'',0,2000,4,'',0,6000,4,'',0,2000,4,'',0,2000,4,'',0,6000,4,'',0,2100,4,'',0,1500,4,'',0,1500,4,'',0,5500,4,'',0,1000,4,'',0,2000,4,'',0,1500,4,'',0,5500,4,'',0,1500,4,'',0,1000,4,'',0,2000,4,'',0,5500,4,'',0,1400,4,'',0,2000,4,'',0,6000,4,'',0,10000,4,'',0,10000,4,'',0,10000,4,'',0,10000,4,'',0
'1314',5100,84000,,'',0,10000,,'',0,10000,,'',0,10000,,'',0,10000,,'',0,10000,,'',0,10000,,'',0,10000,,'',0,10000,,'',0,10000,,'',0
'1314',5101,93800,4,'',0,10000,4,'',0,10000,4,'',0,10000,4,'',0,10000,4,'',0,10000,4,'',0,10000,4,'',0,10000,4,'',0,10000,4,'',0,10000,4,'',0
'1407',5100,84000,,'',0,10000,,'',0,10000,,'',0,10000,,'',0,10000,,'',0,10000,,'',0,10000,,'',0,10000,,'',0,10000,,'',0,10000,,'',0
'1407',5101,93800,4,'',0,10000,4,'',0,10000,4,'',0,10000,4,'',0,10000,4,'',0,10000,4,'',0,10000,4,'',0,10000,4,'',0,10000,4,'',0,10000,4,'',0
'1408',5100,85000,,'',0,6000,,'',0,2000,,'',0,2000,,'',0,6000,,'',0,2000,,'',0,2000,,'',0,6000,,'',0,2000,,'',0,2000,,'',0,6000,,'',0,2000,,'',0,2000,,'',0,6000,,'',0,2000,,'',0,2000,,'',0,6000,,'',0,2000,,'',0,2000,,'',0,6000,,'',0,2000,,'',0,2000,,'',0,6000,,'',0,2000,,'',0,2000,,'',0,6000,,'',0,2000,,'',0,2000,,'',0,6000,,'',0,2000,,'',0,8000,,'',0,10000,,'',0,10000,,'',0,10000,,'',0
'1408',5101,84800,4,'',0,10000,4,'',0,6000,4,'',0,2000,4,'',0,2000,4,'',0,6000,4,'',0,2000,4,'',0,2000,4,'',0,6000,4,'',0,2000,4,'',0,2000,4,'',0,6000,4,'',0,2000,4,'',0,2000,4,'',0,6000,4,'',0,2000,4,'',0,2000,4,'',0,6000,4,'',0,2000,4,'',0,2000,4,'',0,6000,4,'',0,2000,4,'',0,2000,4,'',0,6000,4,'',0,2000,4,'',0,2000,4,'',0,6000,4,'',0,2000,4,'',0,2000,4,'',0,6000,4,'',0,10000,4,'',0,10000,4,'',0,10000,4,'',0
'927',5100,84000,,'',0,10000,,'',0,10000,,'',0,10000,,'',0,10000,,'',0,10000,,'',0,10000,,'',0,10000,,'',0,10000,,'',0,10000,,'',0
'927',5101,93800,4,'',0,10000,4,'',0,10000,4,'',0,10000,4,'',0,10000,4,'',0,10000,4,'',0,10000,4,'',0,10000,4,'',0,10000,4,'',0,10000,4,'',0
'1185',5500,72100,4,'',0,100,,'',0,8200,4,'',0,19900,4,'',0,100,,'',0,4200,4,'',0,46300,4,'',0,100,,'',0,4200,4,'',0,25100,4,'',0,100,,'',0,4200,4,'',0
'1192',5500,72100,4,'',0,100,,'',0,8200,4,'',0,19900,4,'',0,100,,'',0,4200,4,'',0,46300,4,'',0,100,,'',0,4200,4,'',0,25100,4,'',0,100,,'',0,4200,4,'',0
'1408',5500,90600,4,'',0,100,,'',0,4200,4,'',0,35700,4,'',0,100,,'',0,4200,4,'',0,35700,4,'',0,100,,'',0,4200,4,'',0
