'1378',5800,90800,,'',0,12000,,'',0,12000,,'',0,16000,,'',0,12000,,'',0,12000,,'',0,16000,,'',0,12000,,'',0
'1378',5801,90800,4,'',0,12000,4,'',0,12000,4,'',0,16000,4,'',0,12000,4,'',0,12000,4,'',0,16000,4,'',0,12000,4,'',0
'1383',5800,91800,,'',0,12000,,'',0,12000,,'',0,16000,,'',0,12000,,'',0,12000,,'',0,16000,,'',0,12000,,'',0,12000,,'',0,16000,,'',0
'1383',5801,91800,4,'',0,12000,4,'',0,12000,4,'',0,16000,4,'',0,12000,4,'',0,12000,4,'',0,16000,4,'',0,12000,4,'',0,12000,4,'',0,16000,4,'',0
'1386',5800,53300,,'',0,12000,,'',0,10000,,'',0,10000,,'',0,10000,,'',0,8500,,'',0,12000,,'',0,16000,,'',0,12000,,'',0,1600,,'',0,10000,,'',0,10000,,'',0,10000,,'',0,8400,,'',0,12000,,'',0,16000,,'',0
'1386',5801,53300,4,'',0,12000,4,'',0,10000,4,'',0,10000,4,'',0,10000,4,'',0,8500,4,'',0,12000,4,'',0,16000,4,'',0,12000,4,'',0,1600,4,'',0,10000,4,'',0,10000,4,'',0,10000,4,'',0,8400,4,'',0,12000,4,'',0,16000,4,'',0
'1387',5800,91800,,'',0,12000,,'',0,12000,,'',0,16000,,'',0,12000,,'',0,12000,,'',0,16000,,'',0,12000,,'',0,12000,,'',0,16000,,'',0
'1387',5801,91800,4,'',0,12000,4,'',0,12000,4,'',0,16000,4,'',0,12000,4,'',0,12000,4,'',0,16000,4,'',0,12000,4,'',0,12000,4,'',0,16000,4,'',0
'1388',5800,90800,,'',0,12000,,'',0,12000,,'',0,16000,,'',0,12000,,'',0,12000,,'',0,16000,,'',0,12000,,'',0
'1388',5801,90800,4,'',0,12000,4,'',0,12000,4,'',0,16000,4,'',0,12000,4,'',0,12000,4,'',0,16000,4,'',0,12000,4,'',0
'1618',5800,53300,,'',0,12000,,'',0,10000,,'',0,10000,,'',0,10000,,'',0,8500,,'',0,12000,,'',0,16000,,'',0,12000,,'',0,1600,,'',0,10000,,'',0,10000,,'',0,10000,,'',0,8400,,'',0,12000,,'',0,16000,,'',0
'1618',5801,53300,4,'',0,12000,4,'',0,10000,4,'',0,10000,4,'',0,10000,4,'',0,8500,4,'',0,12000,4,'',0,16000,4,'',0,12000,4,'',0,1600,4,'',0,10000,4,'',0,10000,4,'',0,10000,4,'',0,8400,4,'',0,12000,4,'',0,16000,4,'',0
