'2268',5200,100100,4,'',0,9900,4,'',0,10500,4,'',0,10600,4,'',0,10500,4,'',0,10500,4,'',0,10500,4,'',0,10500,4,'',0,9900,4,'',0
'2358',5200,84200,4,'',0,56000,4,'',0,21300,4,'',0,20600,4,'',0,19800,4,'',0,13900,4,'',0
'2363',5200,102500,4,'',0,10000,4,'',0,10000,4,'',0,10100,4,'',0,10000,4,'',0,10000,4,'',0,10000,4,'',0,10000,4,'',0,9800,4,'',0,19500,4,'',0,18900,4,'',0
'2398',5200,72600,4,'',0,22000,4,'',0,10600,4,'',0,10000,4,'',0,10500,4,'',0,25400,4,'',0,20500,4,'',0,20000,4,'',0,43400,4,'',0
'2400',5200,72600,4,'',0,22000,4,'',0,10600,4,'',0,10000,4,'',0,10500,4,'',0,25400,4,'',0,20500,4,'',0,20000,4,'',0,43400,4,'',0
'2402',5200,100100,4,'',0,9900,4,'',0,10500,4,'',0,10600,4,'',0,10500,4,'',0,10500,4,'',0,10500,4,'',0,10500,4,'',0,9900,4,'',0
'2268',5301,92200,4,'',0,8600,4,'',0,10000,4,'',0,10000,4,'',0,10000,4,'',0,10000,4,'',0,10000,4,'',0,10000,4,'',0,10500,4,'',0,10000,4,'',0
'2358',5301,64300,4,'',0,10500,4,'',0,71100,4,'',0,6700,4,'',0,8300,4,'',0,42400,4,'',0
'2363',5301,93200,4,'',0,10600,4,'',0,9500,4,'',0,10000,4,'',0,10000,4,'',0,10000,4,'',0,10000,4,'',0,10000,4,'',0,10000,4,'',0,9500,4,'',0,11000,4,'',0,10000,4,'',0,9800,4,'',0
'2398',5301,82400,4,'',0,2400,4,'',0,10000,4,'',0,10000,4,'',0,10000,4,'',0,10000,4,'',0,10000,4,'',0,20100,4,'',0,10000,4,'',0,9900,4,'',0,9500,4,'',0,9000,4,'',0,20100,4,'',0
'2400',5301,82400,4,'',0,2400,4,'',0,10000,4,'',0,10000,4,'',0,10000,4,'',0,10000,4,'',0,10000,4,'',0,20100,4,'',0,10000,4,'',0,9900,4,'',0,9500,4,'',0,9000,4,'',0,20100,4,'',0
'2402',5301,92200,4,'',0,8600,4,'',0,10000,4,'',0,10000,4,'',0,10000,4,'',0,10000,4,'',0,10000,4,'',0,10000,4,'',0,10500,4,'',0,10000,4,'',0
'2398',5901,63000,,'',0,10000,,'',0
'2400',5901,63000,,'',0,10000,,'',0
'2047',6601,90000,,'',0,13000,,'',0,11500,,'',0,10000,,'',0,17000,,'',0,11500,,'',0,17000,,'',0,13000,,'',0
'2358',6601,44000,,'',0,7000,,'',0,3000,,'',0,7000,,'',0,2500,,'',0,7000,,'',0,3000,,'',0,8300,,'',0,10000,,'',0,9700,,'',0,10000,,'',0,4000,,'',0,9500,,'',0,8500,,'',0,7800,,'',0,4400,,'',0,7800,,'',0,10000,,'',0,9500,,'',0,9000,,'',0,10000,,'',0
'2363',6601,71500,,'',0,11500,,'',0,11500,,'',0,15500,,'',0,11500,,'',0,11500,,'',0,11500,,'',0,15500,,'',0,11500,,'',0,11500,,'',0
'2358',7100,62500,,'',0,10000,,'',0,9500,,'',0,10000,,'',0,49500,,'',0,10500,,'',0,10000,,'',0,10500,,'',0
'2358',7101,71600,4,'',0,9100,4,'',0,10300,4,'',0,10000,4,'',0,10000,4,'',0,49600,4,'',0,10500,4,'',0,9900,4,'',0,10500,4,'',0
'2362',7100,194000,,'',0,19000,,'',0
'2362',7101,211900,4,'',0,18800,4,'',0
'2363',7100,72300,0,'Hope',0,11200,,'',0,20000,,'',0,20500,,'',0,11200,0,'Hope',0,17800,,'',0,21000,,'',0,20500,,'',0,20000,,'',0
'2363',7101,101400,4,'',0,13000,4,'',0,8000,4,'',0,20500,4,'',0,29000,4,'',0,9500,4,'',0,11500,4,'',0,19900,4,'',0,19400,4,'',0
'2398',7100,51500,0,'Hope',0,72000,,'',0,20700,0,'Hope',0
'2398',7101,94000,4,'',0,48600,4,'',0
'2400',7100,51500,0,'Hope',0,72000,,'',0,20700,0,'Hope',0
'2400',7101,94000,4,'',0,48600,4,'',0
