'1185',5100,61000,4,'',0,3000,4,'',0,8500,4,'',0,2000,4,'',0,5500,4,'',0,1500,4,'',0,1500,4,'',0,1500,4,'',0,5500,4,'',0,1500,4,'',0,1400,4,'',0,1100,4,'',0,6200,4,'',0,2000,4,'',0,2000,4,'',0,6000,4,'',0,2000,4,'',0,2000,4,'',0,6000,4,'',0,2000,4,'',0,2000,4,'',0,6000,4,'',0,2000,4,'',0,2000,4,'',0,6000,4,'',0,2000,4,'',0,2000,4,'',0,6500,4,'',0,1900,4,'',0,2100,4,'',0,1000,4,'',0,5100,4,'',0,1500,4,'',0,1500,4,'',0,1500,4,'',0,5000,4,'',0,2000,4,'',0,1500,4,'',0,1500,4,'',0,5400,4,'',0,1000,4,'',0,1900,4,'',0,1100,4,'',0,9500,4,'',0,10000,4,'',0,10000,4,'',0,10000,4,'',0,10000,4,'',0
'1185',5101,62200,,'',0,2000,,'',0,1500,,'',0,5500,,'',0,1500,,'',0,1500,,'',0,1500,,'',0,5500,,'',0,1500,,'',0,1500,,'',0,6300,,'',0,2000,,'',0,2000,,'',0,6000,,'',0,2000,,'',0,2000,,'',0,6000,,'',0,2000,,'',0,2000,,'',0,6000,,'',0,2000,,'',0,2000,,'',0,6000,,'',0,2000,,'',0,2000,,'',0,6000,,'',0,2000,,'',0,2000,,'',0,6000,,'',0,1500,,'',0,1500,,'',0,1500,,'',0,5000,,'',0,2000,,'',0,1500,,'',0,1500,,'',0,5500,,'',0,1000,,'',0,2000,,'',0,1500,,'',0,5500,,'',0,2000,,'',0,2000,,'',0,10000,,'',0,10000,,'',0,10000,,'',0,10000,,'',0
'1192',5100,61000,4,'',0,3000,4,'',0,8500,4,'',0,2000,4,'',0,5500,4,'',0,1500,4,'',0,1500,4,'',0,1500,4,'',0,5500,4,'',0,1500,4,'',0,1400,4,'',0,1100,4,'',0,6200,4,'',0,2000,4,'',0,2000,4,'',0,6000,4,'',0,2000,4,'',0,2000,4,'',0,6000,4,'',0,2000,4,'',0,2000,4,'',0,6000,4,'',0,2000,4,'',0,2000,4,'',0,6000,4,'',0,2000,4,'',0,2000,4,'',0,6500,4,'',0,1900,4,'',0,2100,4,'',0,1000,4,'',0,5100,4,'',0,1500,4,'',0,1500,4,'',0,1500,4,'',0,5000,4,'',0,2000,4,'',0,1500,4,'',0,1500,4,'',0,5400,4,'',0,1000,4,'',0,1900,4,'',0,1100,4,'',0,9500,4,'',0,10000,4,'',0,10000,4,'',0,10000,4,'',0,10000,4,'',0
'1192',5101,62200,,'',0,2000,,'',0,1500,,'',0,5500,,'',0,1500,,'',0,1500,,'',0,1500,,'',0,5500,,'',0,1500,,'',0,1500,,'',0,6300,,'',0,2000,,'',0,2000,,'',0,6000,,'',0,2000,,'',0,2000,,'',0,6000,,'',0,2000,,'',0,2000,,'',0,6000,,'',0,2000,,'',0,2000,,'',0,6000,,'',0,2000,,'',0,2000,,'',0,6000,,'',0,2000,,'',0,2000,,'',0,6000,,'',0,1500,,'',0,1500,,'',0,1500,,'',0,5000,,'',0,2000,,'',0,1500,,'',0,1500,,'',0,5500,,'',0,1000,,'',0,2000,,'',0,1500,,'',0,5500,,'',0,2000,,'',0,2000,,'',0,10000,,'',0,10000,,'',0,10000,,'',0,10000,,'',0
'1314',5100,91200,4,'',0,10000,4,'',0,20000,4,'',0,10000,4,'',0,10000,4,'',0,20000,4,'',0,20000,4,'',0
'1314',5101,91500,,'',0,10000,,'',0,10000,,'',0,10000,,'',0,10000,,'',0,10000,,'',0,10000,,'',0,10000,,'',0,10000,,'',0,10000,,'',0
'1407',5100,91200,4,'',0,10000,4,'',0,20000,4,'',0,10000,4,'',0,10000,4,'',0,20000,4,'',0,20000,4,'',0
'1407',5101,91500,,'',0,10000,,'',0,10000,,'',0,10000,,'',0,10000,,'',0,10000,,'',0,10000,,'',0,10000,,'',0,10000,,'',0,10000,,'',0
'1408',5100,92200,4,'',0,2000,4,'',0,6000,4,'',0,2000,4,'',0,2000,4,'',0,6000,4,'',0,2000,4,'',0,2000,4,'',0,6000,4,'',0,2000,4,'',0,2000,4,'',0,6000,4,'',0,2000,4,'',0,2000,4,'',0,6000,4,'',0,2000,4,'',0,2000,4,'',0,6000,4,'',0,2000,4,'',0,2000,4,'',0,6000,4,'',0,2000,4,'',0,2000,4,'',0,6000,4,'',0,2000,4,'',0,2000,4,'',0,6000,4,'',0,2000,4,'',0,2000,4,'',0,10000,4,'',0,10000,4,'',0,10000,4,'',0,10000,4,'',0
'1408',5101,82500,,'',0,10000,,'',0,2000,,'',0,6000,,'',0,2000,,'',0,2000,,'',0,6000,,'',0,2000,,'',0,2000,,'',0,6000,,'',0,2000,,'',0,2000,,'',0,6000,,'',0,2000,,'',0,2000,,'',0,6000,,'',0,2000,,'',0,2000,,'',0,6000,,'',0,2000,,'',0,2000,,'',0,6000,,'',0,2000,,'',0,2000,,'',0,6000,,'',0,2000,,'',0,2000,,'',0,6000,,'',0,2000,,'',0,2000,,'',0,10000,,'',0,10000,,'',0,10000,,'',0
'927',5100,91200,4,'',0,10000,4,'',0,20000,4,'',0,10000,4,'',0,10000,4,'',0,20000,4,'',0,20000,4,'',0
'927',5101,91500,,'',0,10000,,'',0,10000,,'',0,10000,,'',0,10000,,'',0,10000,,'',0,10000,,'',0,10000,,'',0,10000,,'',0,10000,,'',0
'1076',7101,213100,,'',0,18100,,'',0
'1185',7101,72100,,'',0,9000,,'',0,10500,,'',0,3200,,'',0,6300,,'',0,10000,,'',0,30000,,'',0,20000,,'',0,10000,,'',0,10000,,'',0,9500,,'',0,400,,'',0
'1192',7101,72100,,'',0,9000,,'',0,10500,,'',0,3200,,'',0,6300,,'',0,10000,,'',0,30000,,'',0,20000,,'',0,10000,,'',0,10000,,'',0,9500,,'',0,400,,'',0
'1196',7101,213100,,'',0,18100,,'',0
'1407',7101,101100,,'',0,20000,,'',0,30000,,'',0,20000,,'',0
'1408',7101,101100,,'',0,13700,,'',0,6300,,'',0,20000,,'',0,30000,,'',0,10400,,'',0,9100,,'',0,22500,,'',0,17800,,'',0
'927',7101,101100,,'',0,20000,,'',0,30000,,'',0,20000,,'',0
