'1185',5901,63000,0,'Ind',0,9600,0,'Ind',0
'1192',5901,63000,0,'Ind',0,9600,0,'Ind',0
'1076',7100,194500,,'',0,20000,,'',0
'1076',7101,213100,4,'',0,18100,4,'',0
'1185',7100,51600,0,'Hope',0,11400,,'',0,9500,,'',0,10000,,'',0,10000,,'',0,30000,,'',0,20000,,'',0,1700,0,'Hope',0,8300,,'',0,10000,,'',0,10000,,'',0
'1185',7101,72100,4,'',0,9000,4,'',0,10500,4,'',0,3200,4,'',0,6300,4,'',0,10000,4,'',0,30000,4,'',0,20000,4,'',0,10000,4,'',0,10000,4,'',0,9500,4,'',0,400,4,'',0
'1192',7100,51600,0,'Hope',0,11400,,'',0,9500,,'',0,10000,,'',0,10000,,'',0,30000,,'',0,20000,,'',0,1700,0,'Hope',0,8300,,'',0,10000,,'',0,10000,,'',0
'1192',7101,72100,4,'',0,9000,4,'',0,10500,4,'',0,3200,4,'',0,6300,4,'',0,10000,4,'',0,30000,4,'',0,20000,4,'',0,10000,4,'',0,10000,4,'',0,9500,4,'',0,400,4,'',0
'1196',7100,194500,,'',0,20000,,'',0
'1196',7101,213100,4,'',0,18100,4,'',0
'1407',7100,102500,,'',0,20000,,'',0,30000,,'',0,20000,,'',0
'1407',7101,101100,4,'',0,20000,4,'',0,30000,4,'',0,20000,4,'',0
'1408',7100,71600,0,'Hope',0,11900,,'',0,19000,,'',0,20000,,'',0,11700,0,'Hope',0,18300,,'',0,20000,,'',0,22000,,'',0,20000,,'',0
'1408',7101,101100,4,'',0,13700,4,'',0,6300,4,'',0,20000,4,'',0,30000,4,'',0,10400,4,'',0,9100,4,'',0,22500,4,'',0,17800,4,'',0
'927',7100,102500,,'',0,20000,,'',0,30000,,'',0,20000,,'',0
'927',7101,101100,4,'',0,20000,4,'',0,30000,4,'',0,20000,4,'',0
