'1653',5100,111200,,'',0,40000,,'',0,20000,,'',0
'2107',5100,190200,,'',0
'2142',5100,190200,,'',0
'2144',5100,111200,,'',0,40000,,'',0,20000,,'',0
'1653',5700,94700,4,'',0,16000,4,'',0,12000,4,'',0,12000,4,'',0,16000,4,'',0,12000,4,'',0,12000,4,'',0
'2107',5700,95700,4,'',0,16000,4,'',0,12000,4,'',0,12000,4,'',0,16000,4,'',0,12000,4,'',0,12000,4,'',0,16000,4,'',0,12000,4,'',0,12000,4,'',0
'2142',5700,60900,4,'',0,10000,4,'',0,10000,4,'',0,10000,4,'',0,5000,4,'',0,15800,4,'',0,12000,4,'',0,12000,4,'',0,16000,4,'',0,10000,4,'',0,10000,4,'',0,10000,4,'',0,10000,4,'',0,12000,4,'',0,12000,4,'',0
'2144',5700,94700,4,'',0,16000,4,'',0,12000,4,'',0,12000,4,'',0,16000,4,'',0,12000,4,'',0,12000,4,'',0
'2357',5700,94200,4,'',0,10000,4,'',0,10000,4,'',0,10000,4,'',0,10000,4,'',0,10000,4,'',0,10000,4,'',0,10500,4,'',0,10000,4,'',0
'2358',5700,62300,4,'',0,10000,4,'',0,10100,4,'',0,10000,4,'',0,9500,4,'',0,10000,4,'',0,10000,4,'',0,10000,4,'',0,9500,4,'',0,10700,4,'',0,10000,4,'',0,10000,4,'',0,9800,4,'',0,9000,4,'',0,12000,4,'',0,13000,4,'',0
'2363',5700,100300,4,'',0,10000,4,'',0,10000,4,'',0,10000,4,'',0,10000,4,'',0,10000,4,'',0,10000,4,'',0,10000,4,'',0,10000,4,'',0,10000,4,'',0,12900,4,'',0,17000,4,'',0
'2142',5900,163700,4,'',0,9400,4,'',0
'2358',5900,163300,4,'',0,10000,4,'',0
