'1653',5200,84600,,'',0,10400,,'',0,9600,,'',0,15400,,'',0,10000,,'',0,11000,,'',0,10000,,'',0,10400,,'',0,10600,,'',0,10000,,'',0
'1653',5201,92000,4,'',0,10400,4,'',0,9600,4,'',0,11400,4,'',0,10000,4,'',0,11000,4,'',0,10000,4,'',0,10400,4,'',0,10600,4,'',0,10000,4,'',0
'2107',5200,94100,,'',0,10400,,'',0,10000,,'',0,10500,,'',0,10100,,'',0,15400,,'',0,5400,,'',0,15000,,'',0,10600,,'',0,10500,,'',0,9900,,'',0,11600,,'',0,16600,,'',0
'2107',5201,91500,4,'',0,10000,4,'',0,10400,4,'',0,10000,4,'',0,10500,4,'',0,10100,4,'',0,11400,4,'',0,9400,4,'',0,11000,4,'',0,10600,4,'',0,10500,4,'',0,9900,4,'',0,15600,4,'',0
'2142',5200,55500,,'',0,7800,,'',0,10000,,'',0,10000,,'',0,10600,,'',0,10600,,'',0,10000,,'',0,10000,,'',0,10900,,'',0,10000,,'',0,10000,,'',0,10000,,'',0,10000,,'',0,10000,,'',0,9700,,'',0,15000,,'',0,5100,,'',0,8200,,'',0
'2142',5201,71900,4,'',0,10000,4,'',0,9700,4,'',0,10300,4,'',0,10000,4,'',0,10000,4,'',0,10000,4,'',0,11200,4,'',0,10000,4,'',0,10000,4,'',0,10000,4,'',0,10000,4,'',0,10000,4,'',0,9700,4,'',0,11000,4,'',0,9300,4,'',0
'2144',5200,84600,,'',0,10400,,'',0,9600,,'',0,15400,,'',0,10000,,'',0,11000,,'',0,10000,,'',0,10400,,'',0,10600,,'',0,10000,,'',0
'2144',5201,92000,4,'',0,10400,4,'',0,9600,4,'',0,11400,4,'',0,10000,4,'',0,11000,4,'',0,10000,4,'',0,10400,4,'',0,10600,4,'',0,10000,4,'',0
'2357',5200,84700,,'',0,9700,,'',0,9900,,'',0,10500,,'',0,10500,,'',0,10500,,'',0,14500,,'',0,10500,,'',0,10500,,'',0,9900,,'',0
'2357',5201,92800,4,'',0,10500,4,'',0,10500,4,'',0,10500,4,'',0,10500,4,'',0,10500,4,'',0,10500,4,'',0,10000,4,'',0,9500,4,'',0,9400,4,'',0
'2358',5200,60500,,'',0,10500,,'',0,11500,,'',0,10400,,'',0,10400,,'',0,10000,,'',0,10500,,'',0,10500,,'',0,10800,,'',0,10400,,'',0,10300,,'',0,14500,,'',0,5500,,'',0,14400,,'',0,5500,,'',0,8500,,'',0,19200,,'',0
'2358',5201,70300,4,'',0,10600,4,'',0,10600,4,'',0,10000,4,'',0,10600,4,'',0,10600,4,'',0,10000,4,'',0,10500,4,'',0,10500,4,'',0,10500,4,'',0,10100,4,'',0,10500,4,'',0,9500,4,'',0,10000,4,'',0,18000,4,'',0
'2363',5200,85700,,'',0,15100,,'',0,10000,,'',0,10000,,'',0,10000,,'',0,10000,,'',0,10000,,'',0,10000,,'',0,10000,,'',0,9800,,'',0,9600,,'',0,10000,,'',0,9900,,'',0,5100,,'',0
'2363',5201,85300,4,'',0,10000,4,'',0,10000,4,'',0,10000,4,'',0,10000,4,'',0,10000,4,'',0,10000,4,'',0,10000,4,'',0,9900,4,'',0,9600,4,'',0,10000,4,'',0,10000,4,'',0,9500,4,'',0,18000,4,'',0
'1653',5400,94200,4,'',0,10000,4,'',0,11000,4,'',0,10000,4,'',0,15000,4,'',0,10000,4,'',0,11000,4,'',0,10000,4,'',0,10000,4,'',0,10500,4,'',0
'1653',5401,92200,,'',0,11000,,'',0,10000,,'',0,11000,,'',0,10000,,'',0,11000,,'',0,10000,,'',0,10000,,'',0,15000,,'',0
'2107',5400,93700,4,'',0,10000,4,'',0,10000,4,'',0,11000,4,'',0,10000,4,'',0,11000,4,'',0,9800,4,'',0,15000,4,'',0,10200,4,'',0,11000,4,'',0,10000,4,'',0,11000,4,'',0
'2107',5401,91700,,'',0,10000,,'',0,11000,,'',0,10000,,'',0,11000,,'',0,10000,,'',0,11000,,'',0,10000,,'',0,11000,,'',0,10000,,'',0,14800,,'',0,10000,,'',0,10000,,'',0
'2142',5400,60700,4,'',0,12400,4,'',0,9700,4,'',0,10900,4,'',0,10000,4,'',0,10000,4,'',0,10300,4,'',0,10700,4,'',0,10000,4,'',0,10000,4,'',0,10000,4,'',0,10000,4,'',0,10000,4,'',0,10000,4,'',0,10800,4,'',0,28000,4,'',0
'2142',5401,61200,,'',0,10000,,'',0,10500,,'',0,10000,,'',0,10000,,'',0,10500,,'',0,10500,,'',0,10000,,'',0,10000,,'',0,10000,,'',0,10000,,'',0,10000,,'',0,10000,,'',0,11000,,'',0,9100,,'',0,9700,,'',0,9500,,'',0
'2144',5400,94200,4,'',0,10000,4,'',0,11000,4,'',0,10000,4,'',0,15000,4,'',0,10000,4,'',0,11000,4,'',0,10000,4,'',0,10000,4,'',0,10500,4,'',0
'2144',5401,92200,,'',0,11000,,'',0,10000,,'',0,11000,,'',0,10000,,'',0,11000,,'',0,10000,,'',0,10000,,'',0,15000,,'',0
'2357',5400,93900,4,'',0,9900,4,'',0,10500,4,'',0,10500,4,'',0,10500,4,'',0,10500,4,'',0,14500,4,'',0,10500,4,'',0,9900,4,'',0,9500,4,'',0
'2357',5401,93000,,'',0,10500,,'',0,10500,,'',0,10500,,'',0,10500,,'',0,10500,,'',0,14500,,'',0,10000,,'',0,5500,,'',0
'2358',5400,60200,4,'',0,10300,4,'',0,11500,4,'',0,10400,4,'',0,10400,4,'',0,10000,4,'',0,10500,4,'',0,10500,4,'',0,10800,4,'',0,10400,4,'',0,10300,4,'',0,10500,4,'',0,9500,4,'',0,10400,4,'',0,9500,4,'',0,27700,4,'',0
'2358',5401,60000,,'',0,10500,,'',0,11000,,'',0,10500,,'',0,10000,,'',0,10500,,'',0,10500,,'',0,10000,,'',0,10500,,'',0,10500,,'',0,10500,,'',0,10000,,'',0,10500,,'',0,9500,,'',0,10000,,'',0,18000,,'',0
'2363',5400,85200,4,'',0,15100,4,'',0,10000,4,'',0,10000,4,'',0,10000,4,'',0,10000,4,'',0,10000,4,'',0,10000,4,'',0,10000,4,'',0,9800,4,'',0,5600,4,'',0,10000,4,'',0,9900,4,'',0
'2363',5401,85500,,'',0,10000,,'',0,10000,,'',0,10000,,'',0,10000,,'',0,10000,,'',0,10000,,'',0,10000,,'',0,9900,,'',0,9600,,'',0,10000,,'',0,10000,,'',0,9500,,'',0,18000,,'',0
'1653',5700,92300,,'',0,12000,,'',0,16000,,'',0,12000,,'',0,12000,,'',0,16000,,'',0,12000,,'',0
'1653',5701,101200,4,'',0,12000,4,'',0,12000,4,'',0,16000,4,'',0,12000,4,'',0,12000,4,'',0,16000,4,'',0
'2107',5700,93300,,'',0,12000,,'',0,16000,,'',0,12000,,'',0,12000,,'',0,16000,,'',0,12000,,'',0,12000,,'',0,16000,,'',0,12000,,'',0
'2107',5701,102100,4,'',0,12000,4,'',0,16000,4,'',0,12000,4,'',0,12000,4,'',0,16100,4,'',0,12000,4,'',0,11900,4,'',0,16000,4,'',0
'2142',5700,54500,,'',0,10000,,'',0,10000,,'',0,10000,,'',0,9000,,'',0,11800,,'',0,16000,,'',0,12000,,'',0,12000,,'',0,10000,,'',0,10000,,'',0,10000,,'',0,10000,,'',0,16000,,'',0,12000,,'',0
'2142',5701,63600,4,'',0,10000,4,'',0,10000,4,'',0,9800,4,'',0,8600,4,'',0,12000,4,'',0,16000,4,'',0,12000,4,'',0,12300,4,'',0,10300,4,'',0,10000,4,'',0,9700,4,'',0,9700,4,'',0,16000,4,'',0
'2144',5700,92300,,'',0,12000,,'',0,16000,,'',0,12000,,'',0,12000,,'',0,16000,,'',0,12000,,'',0
'2144',5701,101200,4,'',0,12000,4,'',0,12000,4,'',0,16000,4,'',0,12000,4,'',0,12000,4,'',0,16000,4,'',0
'2357',5700,91900,,'',0,10000,,'',0,10000,,'',0,10000,,'',0,10000,,'',0,10000,,'',0,10000,,'',0,10500,,'',0,10000,,'',0
'2357',5701,94800,4,'',0,10000,4,'',0,10000,4,'',0,10000,4,'',0,10000,4,'',0,10000,4,'',0,10500,4,'',0,10000,4,'',0,10000,4,'',0
'2358',5700,60000,,'',0,10000,,'',0,10000,,'',0,10000,,'',0,5500,,'',0,10000,,'',0,10000,,'',0,10000,,'',0,9500,,'',0,10700,,'',0,10000,,'',0,10000,,'',0,9800,,'',0,9100,,'',0,16000,,'',0,13000,,'',0
'2358',5701,62500,4,'',0,12600,4,'',0,10600,4,'',0,6400,4,'',0,10000,4,'',0,10100,4,'',0,10000,4,'',0,9500,4,'',0,10500,4,'',0,10100,4,'',0,9900,4,'',0,9900,4,'',0,9400,4,'',0,12000,4,'',0,17000,4,'',0
'2363',5700,94000,,'',0,10000,,'',0,10000,,'',0,10000,,'',0,10000,,'',0,10000,,'',0,10000,,'',0,10000,,'',0,10000,,'',0,10000,,'',0,16900,,'',0,13000,,'',0
'2363',5701,100800,4,'',0,9800,4,'',0,10000,4,'',0,10000,4,'',0,10000,4,'',0,10000,4,'',0,10000,4,'',0,10000,4,'',0,9900,4,'',0,13000,4,'',0,17000,4,'',0
'1653',5800,92200,4,'',0,12000,4,'',0,16000,4,'',0,12000,4,'',0,12000,4,'',0,16000,4,'',0,12000,4,'',0,12000,4,'',0
'1653',5801,85600,,'',0,16000,,'',0,12000,,'',0,12000,,'',0,16000,,'',0,12000,,'',0,12000,,'',0,16000,,'',0
'2107',5800,93200,4,'',0,12000,4,'',0,16000,4,'',0,12000,4,'',0,12000,4,'',0,16000,4,'',0,12000,4,'',0,12000,4,'',0,16000,4,'',0,12000,4,'',0
'2107',5801,90600,,'',0,12000,,'',0,12000,,'',0,16000,,'',0,12000,,'',0,12000,,'',0,16000,,'',0,12000,,'',0,12000,,'',0,16000,,'',0
'2142',5800,54800,4,'',0,16000,4,'',0,10000,4,'',0,10000,4,'',0,9900,4,'',0,4500,4,'',0,16000,4,'',0,12000,4,'',0,12000,4,'',0,5600,4,'',0,10100,4,'',0,10000,4,'',0,10000,4,'',0,4300,4,'',0,16000,4,'',0,12000,4,'',0
'2142',5801,52100,,'',0,12000,,'',0,10000,,'',0,10000,,'',0,10000,,'',0,8500,,'',0,12000,,'',0,16000,,'',0,12000,,'',0,1600,,'',0,10000,,'',0,10000,,'',0,10000,,'',0,8400,,'',0,12000,,'',0,16000,,'',0
'2144',5800,92200,4,'',0,12000,4,'',0,16000,4,'',0,12000,4,'',0,12000,4,'',0,16000,4,'',0,12000,4,'',0,12000,4,'',0
'2144',5801,85600,,'',0,16000,,'',0,12000,,'',0,12000,,'',0,16000,,'',0,12000,,'',0,12000,,'',0,16000,,'',0
'2357',5800,91600,4,'',0,10000,4,'',0,10000,4,'',0,10000,4,'',0,10000,4,'',0,10000,4,'',0,10000,4,'',0,10500,4,'',0,10000,4,'',0,10000,4,'',0
'2357',5801,85000,,'',0,10000,,'',0,10000,,'',0,10000,,'',0,10000,,'',0,10000,,'',0,10000,,'',0,10500,,'',0,10000,,'',0,10000,,'',0
'2358',5800,55700,4,'',0,9900,4,'',0,17300,4,'',0,12300,4,'',0,10000,4,'',0,10000,4,'',0,10000,4,'',0,9500,4,'',0,10700,4,'',0,10000,4,'',0,10000,4,'',0,9700,4,'',0,9200,4,'',0,16000,4,'',0,13000,4,'',0
'2358',5801,63000,,'',0,17000,,'',0,12500,,'',0,10000,,'',0,10000,,'',0,10000,,'',0,9500,,'',0,10500,,'',0,10000,,'',0,10000,,'',0,10000,,'',0,9200,,'',0,12000,,'',0,17000,,'',0
'2363',5800,93600,4,'',0,10000,4,'',0,10000,4,'',0,10000,4,'',0,10000,4,'',0,10000,4,'',0,10000,4,'',0,10000,4,'',0,10000,4,'',0,10000,4,'',0,17000,4,'',0,13000,4,'',0
'2363',5801,91000,,'',0,10000,,'',0,10000,,'',0,10000,,'',0,10000,,'',0,10000,,'',0,10000,,'',0,10000,,'',0,10000,,'',0,10000,,'',0,13000,,'',0,17000,,'',0
'2142',5900,160600,0,'Ind',0,1900,0,'Ind',0,7500,0,'Ind',0,1900,0,'Ind',0
'2142',5901,64200,0,'Ind',0,1700,4,'',0,7900,0,'Ind',0,1700,4,'',0
'2358',5900,160500,0,'Downtown',0,1700,0,'Downtown',0,8300,0,'Downtown',0,1700,0,'Downtown',0
'2358',5901,64000,0,'Cottonwood Mall',0,1600,4,'',0,8400,0,'Cottonwood Mall',0,1600,4,'',0
