5100,108263,1,0
5100,108091,2,0
5100,108092,3,0
5100,108093,4,0
5100,108094,5,0
5100,124089,6,0
5100,108096,7,0
5100,108247,8,0
5100,108097,9,0
5100,108098,10,0
5100,108099,11,0
5100,108100,12,0
5100,108101,13,0
5100,108102,14,0
5100,124000,15,0
5100,108104,16,0
5100,108105,17,0
5100,108106,18,0
5100,108107,19,0
5100,108108,20,0
5100,124006,21,0
5100,108110,22,0
5100,124097,23,0
5100,108111,24,0
5100,124007,25,0
5100,108280,26,0
5100,124069,27,0
5100,108299,28,0
5100,108298,29,0
5100,108143,30,0
5100,108144,31,0
5100,108145,32,0
5100,108146,33,0
5100,108071,34,0
5100,108072,35,1
5100,124082,36,0
5100,124098,37,1
5101,108072,1,0
5101,124098,2,0
5101,108073,3,0
5101,124017,4,0
5101,108074,5,0
5101,124030,6,0
5101,108076,7,0
5101,108077,8,0
5101,108078,9,0
5101,108079,10,0
5101,108080,11,0
5101,108081,12,0
5101,124009,13,0
5101,108082,14,0
5101,108083,15,0
5101,124088,16,0
5101,108085,17,0
5101,108086,18,0
5101,124015,19,0
5101,124073,20,0
5101,108268,21,0
5101,108263,22,1
5200,108113,1,0
5200,124086,2,0
5200,108116,3,0
5200,108117,4,0
5200,108118,5,0
5200,108119,6,0
5200,108120,7,0
5200,108121,8,0
5200,108122,9,0
5200,108123,10,0
5200,108124,11,0
5200,108125,12,0
5200,108126,13,0
5200,108127,14,0
5200,108128,15,0
5200,108129,16,0
5200,108130,17,0
5200,108131,18,0
5200,108132,19,0
5200,124095,20,1
5200,108133,21,1
5200,124097,22,1
5201,108133,1,0
5201,124096,2,0
5201,124074,3,0
5201,108147,4,0
5201,108148,5,0
5201,108149,6,0
5201,108150,7,0
5201,108151,8,0
5201,108152,9,0
5201,108153,10,0
5201,108154,11,0
5201,124067,12,0
5201,108156,13,0
5201,108157,14,0
5201,108158,15,0
5201,108159,16,0
5201,108160,17,0
5201,108161,18,0
5201,108114,19,0
5201,108113,20,1
5201,124086,21,1
5301,108111,1,0
5301,124097,2,0
5301,124007,3,0
5301,108280,4,0
5301,124069,5,0
5301,108299,6,0
5301,108173,7,0
5301,108174,8,0
5301,108175,9,0
5301,108176,10,0
5301,108177,11,0
5301,108178,12,0
5301,108179,13,0
5301,108180,14,0
5301,108244,15,0
5301,108245,16,0
5301,108246,17,0
5301,108181,18,0
5301,108182,19,0
5301,108183,20,0
5301,108132,21,0
5301,124095,22,1
5400,124054,1,0
5400,124055,2,0
5400,124056,3,0
5400,124057,4,0
5400,124058,5,0
5400,124059,6,0
5400,124060,7,0
5400,124061,8,0
5400,124062,9,0
5400,124063,10,0
5400,124013,11,0
5400,124012,12,0
5400,124071,13,0
5400,124070,14,0
5400,108187,15,0
5400,108188,16,0
5400,108189,17,0
5400,124090,18,0
5400,108191,19,0
5400,108192,20,0
5400,108193,21,0
5400,108194,22,0
5400,108195,23,0
5400,108196,24,0
5400,108197,25,0
5400,108198,26,0
5400,108199,27,0
5400,108200,28,0
5400,108201,29,0
5400,108202,30,0
5400,108203,31,0
5400,108204,32,0
5400,108205,33,0
5400,108206,34,0
5400,108207,35,0
5400,124080,36,0
5400,108208,37,0
5400,108209,38,0
5400,108210,39,0
5400,108211,40,0
5400,108212,41,0
5400,108213,42,0
5400,108275,43,0
5400,108158,44,0
5400,108159,45,0
5400,108160,46,0
5400,108161,47,0
5400,108114,48,0
5400,108113,49,1
5400,124086,50,1
5401,108113,1,0
5401,124086,2,0
5401,108116,3,0
5401,108117,4,0
5401,108118,5,0
5401,108119,6,0
5401,108214,7,0
5401,108215,8,0
5401,108216,9,0
5401,108217,10,0
5401,108218,11,0
5401,108219,12,0
5401,108220,13,0
5401,108221,14,0
5401,108222,15,0
5401,108223,16,0
5401,124005,17,0
5401,108226,18,0
5401,108227,19,0
5401,108228,20,0
5401,124004,21,0
5401,108230,22,0
5401,108231,23,0
5401,108232,24,0
5401,108233,25,0
5401,124084,26,0
5401,108235,27,0
5401,124091,28,0
5401,108237,29,0
5401,108238,30,0
5401,124054,31,0
5401,124055,32,0
5401,124056,33,0
5401,124057,34,0
5401,124058,35,0
5401,124059,36,0
5401,124060,37,0
5401,124061,38,0
5401,124062,39,0
5401,124063,40,0
5401,124013,41,0
5401,124012,42,0
5401,124071,43,0
5401,124070,44,1
5500,108263,1,0
5500,124072,2,0
5500,124075,3,0
5500,124077,4,0
5500,108242,5,0
5500,124076,6,0
5500,124078,7,0
5500,108243,8,0
5500,124032,9,0
5500,108197,10,0
5500,108198,11,0
5500,108083,12,0
5500,124088,13,0
5500,108085,14,0
5500,108086,15,0
5500,124015,16,0
5500,124073,17,0
5500,108268,18,0
5501,108083,1,0
5501,124088,2,0
5501,108085,3,0
5501,108086,4,0
5501,124015,5,0
5501,124073,6,0
5501,108268,7,0
5501,108263,8,0
5501,124072,9,0
5501,124075,10,0
5501,124077,11,0
5501,108242,12,1
5700,108113,1,0
5700,124086,2,0
5700,108277,3,0
5700,108314,4,0
5700,108313,5,0
5700,108310,6,0
5700,108309,7,0
5700,108169,8,0
5700,108170,9,0
5700,108171,10,0
5700,108285,11,0
5700,108139,12,0
5700,108140,13,0
5700,108141,14,0
5700,108142,15,0
5700,108304,16,0
5700,108296,17,0
5700,108295,18,0
5700,108293,19,0
5700,108291,20,0
5700,108288,21,0
5700,108286,22,0
5700,108303,23,0
5700,108302,24,0
5700,108301,25,0
5700,108300,26,0
5700,124082,27,1
5700,124094,28,1
5700,124083,29,1
5701,124096,1,0
5701,108133,2,0
5701,108134,3,0
5701,108135,4,0
5701,108136,5,0
5701,108137,6,0
5701,108138,7,0
5701,108287,8,0
5701,108289,9,0
5701,108290,10,0
5701,108292,11,0
5701,108294,12,0
5701,108297,13,0
5701,108298,14,0
5701,108281,15,0
5701,108282,16,0
5701,108283,17,0
5701,108284,18,0
5701,108305,19,0
5701,108306,20,0
5701,108307,21,0
5701,108308,22,0
5701,108311,23,0
5701,108312,24,0
5701,124041,25,0
5701,108315,26,0
5701,108276,27,0
5701,108113,28,1
5701,124086,29,1
5800,108264,1,0
5800,108265,2,0
5800,124033,3,0
5800,124034,4,0
5800,124035,5,0
5800,124036,6,0
5800,108266,7,0
5800,124016,8,0
5800,108267,9,0
5800,108271,10,0
5800,108195,11,0
5800,108196,12,0
5800,108273,13,0
5800,124008,14,0
5800,108275,15,0
5800,108158,16,0
5800,108159,17,0
5800,108160,18,0
5800,108161,19,0
5800,108114,20,0
5800,108113,21,1
5800,124086,22,1
5801,108113,1,0
5801,124086,2,0
5801,108116,3,0
5801,108117,4,0
5801,108118,5,0
5801,108119,6,0
5801,108274,7,0
5801,108272,8,0
5801,108231,9,0
5801,108269,10,0
5801,108264,11,1
5900,108113,1,0
5900,124042,2,0
5900,124043,3,0
5900,120005,4,0
5900,124044,5,0
5900,124045,6,0
5900,124046,7,0
5900,124047,8,0
5900,124048,9,0
5900,124049,10,0
5900,108158,11,0
5900,108159,12,0
5900,108160,13,0
5900,108161,14,0
5900,108114,15,0
5900,108277,16,0
5900,108314,17,0
5900,124050,18,0
5900,124051,19,0
5900,124052,20,0
5900,124053,21,0
5900,124082,22,1
5900,124094,23,1
5900,124083,24,1
5901,124095,1,0
5901,108253,2,0
5901,124038,3,0
5901,124039,4,0
5901,124040,5,0
5901,124041,6,0
5901,108315,7,0
5901,108276,8,0
5901,108113,9,0
5901,124042,10,0
5901,124043,11,0
5901,120005,12,0
5901,124044,13,0
5901,124045,14,0
5901,124046,15,0
5901,124047,16,0
5901,124048,17,0
5901,124049,18,0
5901,108158,19,0
5901,108159,20,0
5901,108160,21,0
5901,108161,22,0
5901,108114,23,0
6600,120053,1,0
6600,120000,2,0
6600,120002,3,0
6600,120003,4,0
6600,120005,5,0
6600,124000,6,0
6600,124094,7,1
6600,124083,8,1
6601,108253,1,0
6601,124095,2,0
6601,108078,3,0
6601,120004,4,0
6601,120003,5,0
6601,120002,6,0
6601,120054,7,1
6601,120053,8,1
7100,124095,1,0
7100,108253,2,0
7100,124007,3,0
7100,124065,4,0
7100,108304,5,0
7100,108296,6,0
7100,108250,7,0
7100,132027,8,0
7100,124001,9,0
7100,126007,10,0
7100,132000,11,0
7100,132019,12,0
7100,126005,13,0
7100,126004,14,0
7100,126003,15,0
7100,126002,16,0
7100,126001,17,0
7100,126000,18,0
7100,132001,19,0
7100,132002,20,0
7100,132003,21,0
7100,126009,22,0
7100,126010,23,0
7100,126011,24,0
7100,132005,25,0
7100,132006,26,1
7101,132006,1,0
7101,132007,2,0
7101,132008,3,0
7101,132024,4,0
7101,132023,5,0
7101,132009,6,0
7101,132004,7,0
7101,132010,8,0
7101,132011,9,0
7101,132012,10,0
7101,132013,11,0
7101,132014,12,0
7101,132016,13,0
7101,132017,14,0
7101,132018,15,0
7101,126006,16,0
7101,132020,17,0
7101,132021,18,0
7101,126008,19,0
7101,124002,20,0
7101,132026,21,0
7101,108251,22,0
7101,108297,23,0
7101,108298,24,0
7101,108143,25,0
7101,108144,26,0
7101,108145,27,0
7101,108146,28,0
7101,108071,29,0
7101,108072,30,0
7101,108253,31,1
7101,124098,32,0
7101,124095,33,1
7200,132002,1,0
7200,126012,2,0
7200,120051,3,0
7200,124064,4,0
7200,124020,5,1
7201,124020,1,0
7201,124021,2,0
7201,124022,3,0
7201,124023,4,0
7201,124024,5,0
7201,124025,6,0
7201,124026,7,0
7201,124066,8,0
7201,124029,9,0
7201,124064,10,0
7201,120052,11,0
7201,124019,12,0
7201,132001,13,0
7201,132002,14,1
7201,132011,15,0
7201,132012,16,1
