'1653',5200,90300,,'',0,10400,,'',0,9600,,'',0,11400,,'',0,10000,,'',0,11000,,'',0,10000,,'',0,10400,,'',0,10600,,'',0,10000,,'',0
'2107',5200,95800,,'',0,14400,,'',0,10000,,'',0,10500,,'',0,10100,,'',0,11400,,'',0,9400,,'',0,11000,,'',0,10600,,'',0,10500,,'',0,9900,,'',0,11600,,'',0,16600,,'',0
'2142',5200,61200,,'',0,3800,,'',0,10000,,'',0,10000,,'',0,10600,,'',0,14600,,'',0,10000,,'',0,10000,,'',0,10900,,'',0,10000,,'',0,10000,,'',0,10000,,'',0,10000,,'',0,10000,,'',0,9700,,'',0,11000,,'',0,9100,,'',0,4200,,'',0
'2144',5200,90300,,'',0,10400,,'',0,9600,,'',0,11400,,'',0,10000,,'',0,11000,,'',0,10000,,'',0,10400,,'',0,10600,,'',0,10000,,'',0
'2357',5200,90200,,'',0,9800,,'',0,5900,,'',0,14500,,'',0,10600,,'',0,10500,,'',0,10500,,'',0,10500,,'',0,10500,,'',0,9900,,'',0
'2358',5200,62000,,'',0,10500,,'',0,11600,,'',0,10400,,'',0,10600,,'',0,10000,,'',0,10500,,'',0,14500,,'',0,10900,,'',0,10400,,'',0,10100,,'',0,10500,,'',0,9500,,'',0,10300,,'',0,9500,,'',0,4400,,'',0,19200,,'',0
'2363',5200,91200,,'',0,11200,,'',0,10000,,'',0,10000,,'',0,10100,,'',0,10000,,'',0,10000,,'',0,10000,,'',0,10000,,'',0,9800,,'',0,9500,,'',0,10000,,'',0,9800,,'',0,9100,,'',0
'1653',5301,93100,0,'Chilliwack',0,8000,0,'Chilliwack',0,4000,0,'Chilliwack',0,8000,0,'Chilliwack',0,8000,0,'Chilliwack',0,4000,0,'Chilliwack',0,8000,0,'Chilliwack',0,8000,0,'Chilliwack',0,4000,0,'Chilliwack',0,8000,0,'Chilliwack',0,8000,0,'Chilliwack',0,4000,0,'Chilliwack',0,8000,0,'Chilliwack',0,8000,0,'Chilliwack',0
'2107',5301,92100,0,'Chilliwack',0,8000,0,'Chilliwack',0,4000,0,'Chilliwack',0,8000,0,'Chilliwack',0,8000,0,'Chilliwack',0,4000,0,'Chilliwack',0,8000,0,'Chilliwack',0,8000,0,'Chilliwack',0,4000,0,'Chilliwack',0,8000,0,'Chilliwack',0,8000,0,'Chilliwack',0,4000,0,'Chilliwack',0,8000,0,'Chilliwack',0,8000,0,'Chilliwack',0,4000,0,'Chilliwack',0,8000,0,'Chilliwack',0,10000,0,'Chilliwack',0,10000,0,'Chilliwack',0
'2142',5301,60900,0,'Chilliwack',0,3000,0,'Chilliwack',0,8200,0,'Chilliwack',0,3000,0,'Chilliwack',0,7000,0,'Chilliwack',0,3000,0,'Chilliwack',0,7000,0,'Chilliwack',0,8000,0,'Chilliwack',0,4000,0,'Chilliwack',0,8000,0,'Chilliwack',0,8000,0,'Chilliwack',0,4000,0,'Chilliwack',0,8000,0,'Chilliwack',0,8000,0,'Chilliwack',0,4000,0,'Chilliwack',0,8000,0,'Chilliwack',0,3000,0,'Chilliwack',0,7000,0,'Chilliwack',0,3000,0,'Chilliwack',0,7000,0,'Chilliwack',0,3000,0,'Chilliwack',0,8000,0,'Chilliwack',0,9000,0,'Chilliwack',0,10000,0,'Chilliwack',0,10000,0,'Chilliwack',0
'2144',5301,93100,0,'Chilliwack',0,8000,0,'Chilliwack',0,4000,0,'Chilliwack',0,8000,0,'Chilliwack',0,8000,0,'Chilliwack',0,4000,0,'Chilliwack',0,8000,0,'Chilliwack',0,8000,0,'Chilliwack',0,4000,0,'Chilliwack',0,8000,0,'Chilliwack',0,8000,0,'Chilliwack',0,4000,0,'Chilliwack',0,8000,0,'Chilliwack',0,8000,0,'Chilliwack',0
'2357',5301,92100,0,'Fairfield',0,8600,0,'Fairfield',0,10000,0,'Fairfield',0,10000,0,'Fairfield',0,10000,0,'Fairfield',0,10000,0,'Fairfield',0,10000,0,'Fairfield',0,10000,0,'Fairfield',0,10500,0,'Fairfield',0,10000,0,'Fairfield',0
'2358',5301,61100,0,'Fairfield',0,3100,0,'Fairfield',0,8000,0,'Fairfield',0,2500,0,'Fairfield',0,7600,0,'Fairfield',0,2400,0,'Fairfield',0,10000,0,'Fairfield',0,10000,0,'Fairfield',0,10000,0,'Fairfield',0,10000,0,'Fairfield',0,10000,0,'Fairfield',0,11100,0,'Fairfield',0,6700,0,'Fairfield',0,2300,0,'Fairfield',0,6000,0,'Fairfield',0,4000,0,'Fairfield',0,9900,0,'Fairfield',0,9500,0,'Fairfield',0,9000,0,'Fairfield',0,10000,0,'Fairfield',0,10100,0,'Fairfield',0
'2363',5301,93100,0,'Fairfield',0,10600,0,'Fairfield',0,9500,0,'Fairfield',0,10000,0,'Fairfield',0,10000,0,'Fairfield',0,10000,0,'Fairfield',0,10000,0,'Fairfield',0,10000,0,'Fairfield',0,10000,0,'Fairfield',0,9500,0,'Fairfield',0,11000,0,'Fairfield',0,10000,0,'Fairfield',0,9800,0,'Fairfield',0
