'2268',5100,91200,4,'',0,9900,4,'',0,10300,4,'',0,10000,4,'',0,10600,4,'',0,10000,4,'',0,9900,4,'',0,9900,4,'',0,10000,4,'',0,9800,4,'',0
'2268',5101,91500,,'',0,10000,,'',0,10000,,'',0,10500,,'',0,10000,,'',0,10000,,'',0,10000,,'',0,10000,,'',0,10000,,'',0,10000,,'',0
'2358',5100,62500,4,'',0,2700,4,'',0,6400,4,'',0,1800,4,'',0,6900,4,'',0,3400,4,'',0,1400,4,'',0,5400,4,'',0,1400,4,'',0,3500,4,'',0,6500,4,'',0,8900,4,'',0,2600,4,'',0,9000,4,'',0,2000,4,'',0,10000,4,'',0,5700,4,'',0,10800,4,'',0,2100,4,'',0,8800,4,'',0,1500,4,'',0,1500,4,'',0,7100,4,'',0,8600,4,'',0,3900,4,'',0,7400,4,'',0,4000,4,'',0,6800,4,'',0,10800,4,'',0,10000,4,'',0,10000,4,'',0
'2358',5101,62000,,'',0,1600,,'',0,6600,,'',0,2900,,'',0,1500,,'',0,700,,'',0,4700,,'',0,1600,,'',0,3900,,'',0,6500,,'',0,8700,,'',0,2600,,'',0,8900,,'',0,2000,,'',0,10000,,'',0,1700,,'',0,10000,,'',0,5900,,'',0,9000,,'',0,1600,,'',0,1600,,'',0,7400,,'',0,8800,,'',0,4300,,'',0,7500,,'',0,8000,,'',0,3000,,'',0,11000,,'',0,10500,,'',0,10000,,'',0
'2359',5100,160500,4,'',0,12500,4,'',0
'2359',5101,145300,,'',0,17200,,'',0
'2362',5100,160500,4,'',0,12500,4,'',0
'2362',5101,145300,,'',0,17200,,'',0
'2363',5100,91800,4,'',0,3000,4,'',0,7600,4,'',0,2500,4,'',0,6500,4,'',0,2000,4,'',0,6700,4,'',0,2500,4,'',0,2000,4,'',0,5700,4,'',0,1800,4,'',0,2000,4,'',0,6000,4,'',0,1500,4,'',0,2000,4,'',0,2000,4,'',0,5800,4,'',0,1500,4,'',0,1900,4,'',0,6000,4,'',0,1600,4,'',0,1500,4,'',0,2000,4,'',0,6500,4,'',0,2500,4,'',0,6400,4,'',0,2000,4,'',0,2400,4,'',0,6400,4,'',0,2000,4,'',0,6500,4,'',0,4300,4,'',0,8300,4,'',0,10200,4,'',0,10000,4,'',0
'2363',5101,82500,,'',0,10000,,'',0,2500,,'',0,6500,,'',0,2000,,'',0,6500,,'',0,2500,,'',0,2000,,'',0,5700,,'',0,1800,,'',0,2000,,'',0,6000,,'',0,1500,,'',0,2000,,'',0,2000,,'',0,5800,,'',0,1500,,'',0,1900,,'',0,6000,,'',0,1800,,'',0,1500,,'',0,6000,,'',0,2500,,'',0,2500,,'',0,6500,,'',0,2000,,'',0,6500,,'',0,2500,,'',0,2000,,'',0,6500,,'',0,4500,,'',0,8500,,'',0,10500,,'',0,10000,,'',0
'2398',5100,55500,4,'',0,19400,4,'',0,7100,4,'',0,2300,4,'',0,8900,4,'',0,11200,4,'',0,11500,4,'',0,14500,4,'',0,2000,4,'',0,9700,4,'',0,2300,4,'',0,10500,4,'',0,15200,4,'',0,4700,4,'',0,7600,4,'',0,7700,4,'',0,3700,4,'',0,11800,4,'',0,14700,4,'',0
'2398',5101,71600,,'',0,11400,,'',0,11500,,'',0,11300,,'',0,14400,,'',0,2000,,'',0,9700,,'',0,2000,,'',0,8800,,'',0,900,,'',0,11900,,'',0,8800,,'',0,8200,,'',0,7700,,'',0,3800,,'',0,16000,,'',0,11000,,'',0
'2400',5100,55500,4,'',0,19400,4,'',0,7100,4,'',0,2300,4,'',0,8900,4,'',0,11200,4,'',0,11500,4,'',0,14500,4,'',0,2000,4,'',0,9700,4,'',0,2300,4,'',0,10500,4,'',0,15200,4,'',0,4700,4,'',0,7600,4,'',0,7700,4,'',0,3700,4,'',0,11800,4,'',0,14700,4,'',0
'2400',5101,71600,,'',0,11400,,'',0,11500,,'',0,11300,,'',0,14400,,'',0,2000,,'',0,9700,,'',0,2000,,'',0,8800,,'',0,900,,'',0,11900,,'',0,8800,,'',0,8200,,'',0,7700,,'',0,3800,,'',0,16000,,'',0,11000,,'',0
'2402',5100,91200,4,'',0,9900,4,'',0,10300,4,'',0,10000,4,'',0,10600,4,'',0,10000,4,'',0,9900,4,'',0,9900,4,'',0,10000,4,'',0,9800,4,'',0
'2402',5101,91500,,'',0,10000,,'',0,10000,,'',0,10500,,'',0,10000,,'',0,10000,,'',0,10000,,'',0,10000,,'',0,10000,,'',0,10000,,'',0
'2358',7101,71600,,'',0,9100,,'',0,10300,,'',0,10000,,'',0,10000,,'',0,49600,,'',0,10500,,'',0,9900,,'',0,10500,,'',0
'2362',7101,211900,,'',0,18800,,'',0
'2363',7101,101400,,'',0,13000,,'',0,8000,,'',0,20500,,'',0,29000,,'',0,9500,,'',0,11500,,'',0,19900,,'',0,19400,,'',0
'2398',7101,94000,,'',0,48600,,'',0
'2400',7101,94000,,'',0,48600,,'',0
