100,108263,1,0
100,108091,2,0
100,108092,3,0
100,108093,4,0
100,108094,5,0
100,108095,6,0
100,108096,7,0
100,108247,8,0
100,108097,9,0
100,108098,10,0
100,108099,11,0
100,108100,12,0
100,108101,13,0
100,108102,14,0
100,108104,15,0
100,108105,16,0
100,108106,17,0
100,108107,18,0
100,108108,19,0
100,124006,20,0
100,108110,21,0
100,108111,22,0
100,108278,23,0
100,108299,24,0
100,108298,25,0
100,108143,26,0
100,108144,27,0
100,108145,28,0
100,108146,29,0
100,108071,30,0
100,108072,31,1
101,108072,1,0
101,108073,2,0
101,108074,3,0
101,108075,4,0
101,108076,5,0
101,108077,6,0
101,108078,7,0
101,108079,8,0
101,108080,9,0
101,108081,10,0
101,124009,11,0
101,108082,12,0
101,108083,13,0
101,108084,14,0
101,108085,15,0
101,108086,16,0
101,108268,17,0
101,108263,18,1
200,108113,1,0
200,108116,2,0
200,108117,3,0
200,108118,4,0
200,108119,5,0
200,108120,6,0
200,108121,7,0
200,108122,8,0
200,108123,9,0
200,108124,10,0
200,108125,11,0
200,108126,12,0
200,108127,13,0
200,108128,14,0
200,108129,15,0
200,108130,16,0
200,108131,17,0
200,108132,18,0
200,108133,19,1
201,108133,1,0
201,108147,2,0
201,108148,3,0
201,108149,4,0
201,108150,5,0
201,108151,6,0
201,108152,7,0
201,108153,8,0
201,108154,9,0
201,108155,10,0
201,108156,11,0
201,108157,12,0
201,108158,13,0
201,108159,14,0
201,108160,15,0
201,108161,16,0
201,108114,17,0
201,108115,18,0
201,108113,19,1
301,108111,1,0
301,124007,2,0
301,108278,3,0
301,108299,4,0
301,108173,5,0
301,108174,6,0
301,108175,7,0
301,108176,8,0
301,108177,9,0
301,108178,10,0
301,108179,11,0
301,108180,12,0
301,108244,13,0
301,108245,14,0
301,108246,15,0
301,108181,16,0
301,108182,17,0
301,108183,18,0
301,108132,19,1
400,124010,1,0
400,108187,2,0
400,108188,3,0
400,108189,4,0
400,108190,5,0
400,108191,6,0
400,108192,7,0
400,108193,8,0
400,108194,9,0
400,108195,10,0
400,108196,11,0
400,108197,12,0
400,108198,13,0
400,108199,14,0
400,108200,15,0
400,108201,16,0
400,108202,17,0
400,108203,18,0
400,108204,19,0
400,108205,20,0
400,108206,21,0
400,108207,22,0
400,108208,23,0
400,108209,24,0
400,108210,25,0
400,108211,26,0
400,108212,27,0
400,108213,28,0
400,108275,29,0
400,108158,30,0
400,108159,31,0
400,108160,32,0
400,108161,33,0
400,108114,34,0
400,108115,35,0
400,108113,36,1
401,108113,1,0
401,108116,2,0
401,108117,3,0
401,108118,4,0
401,108119,5,0
401,108214,6,0
401,108215,7,0
401,108216,8,0
401,108217,9,0
401,108218,10,0
401,108219,11,0
401,108220,12,0
401,108221,13,0
401,108222,14,0
401,108223,15,0
401,124005,16,0
401,108226,17,0
401,108227,18,0
401,108228,19,0
401,124004,20,0
401,108230,21,0
401,108231,22,0
401,108232,23,0
401,108233,24,0
401,108235,25,0
401,108236,26,0
401,108237,27,0
401,108238,28,0
401,124014,29,0
401,124013,30,0
401,124012,31,0
401,124011,32,0
401,124010,33,1
500,108263,1,0
500,124031,2,0
500,108242,3,0
500,108243,4,0
500,124032,5,0
500,108197,6,0
500,108198,7,0
500,108083,8,0
500,108084,9,0
500,108085,10,0
500,108086,11,0
500,124015,12,0
500,108268,13,1
600,108248,1,0
600,108092,2,0
600,108249,3,0
600,108189,4,0
600,108190,5,1
601,108190,1,0
601,108084,2,0
601,108085,3,0
601,108086,4,0
601,108248,5,1
700,108115,1,0
700,108277,2,0
700,108314,3,0
700,108313,4,0
700,108310,5,0
700,108309,6,0
700,108169,7,0
700,108170,8,0
700,108171,9,0
700,108285,10,0
700,108139,11,0
700,108140,12,0
700,108141,13,0
700,108142,14,0
700,108304,15,0
700,108296,16,0
700,108295,17,0
700,108293,18,0
700,108291,19,0
700,108288,20,0
700,108286,21,0
700,108303,22,0
700,108302,23,0
700,108301,24,0
700,108300,25,0
700,108133,26,1
701,108133,1,0
701,108134,2,0
701,108135,3,0
701,108136,4,0
701,108137,5,0
701,108138,6,0
701,108287,7,0
701,108289,8,0
701,108290,9,0
701,108292,10,0
701,108294,11,0
701,108297,12,0
701,108298,13,0
701,108281,14,0
701,108282,15,0
701,108283,16,0
701,108284,17,0
701,108305,18,0
701,108306,19,0
701,108307,20,0
701,108308,21,0
701,108311,22,0
701,108312,23,0
701,108315,24,0
701,108276,25,0
701,108113,26,0
701,108114,27,0
701,108115,28,1
800,108115,1,0
800,108116,2,0
800,108117,3,0
800,108118,4,0
800,108119,5,0
800,108274,6,0
800,108272,7,0
800,108231,8,0
800,108270,9,0
800,108269,10,0
800,108264,11,0
800,108265,12,0
800,124033,13,0
800,124034,14,0
800,124035,15,0
800,124036,16,0
800,108266,17,0
800,108267,18,0
800,108271,19,0
800,108195,20,0
800,108196,21,0
800,108273,22,0
800,124008,23,0
800,108275,24,0
800,108158,25,0
800,108159,26,0
800,108160,27,0
800,108161,28,0
800,108114,29,0
800,108113,30,1
900,108253,1,0
900,124038,2,0
900,124039,3,0
900,124040,4,0
900,124041,5,0
900,108315,6,0
900,108276,7,0
900,108113,8,0
900,124042,9,0
900,124043,10,0
900,120005,11,0
900,124044,12,0
900,124045,13,0
900,124046,14,0
900,124047,15,0
900,124048,16,0
900,124049,17,0
900,108158,18,0
900,108159,19,0
900,108160,20,0
900,108161,21,0
900,108114,22,1
901,108113,1,0
901,108114,2,0
901,108277,3,0
901,108314,4,0
901,124050,5,0
901,124051,6,0
901,124052,7,0
901,124053,8,0
901,108253,9,1
1100,108133,1,0
1100,124007,2,0
1100,108304,3,0
1100,108296,4,0
1100,108250,5,0
1100,132026,6,0
1100,132000,7,0
1100,132019,8,0
1100,132001,9,0
1100,132002,10,0
1100,132003,11,0
1100,132025,12,0
1100,132022,13,0
1100,132005,14,0
1100,132006,15,1
1101,132006,1,0
1101,132007,2,0
1101,132008,3,0
1101,132024,4,0
1101,132023,5,0
1101,132009,6,0
1101,132004,7,0
1101,132010,8,0
1101,132011,9,0
1101,132012,10,0
1101,132013,11,0
1101,132014,12,0
1101,132015,13,0
1101,132016,14,0
1101,132017,15,0
1101,132018,16,0
1101,132020,17,0
1101,132021,18,0
1101,132027,19,0
1101,108251,20,0
1101,108297,21,0
1101,108298,22,0
1101,108143,23,0
1101,108144,24,0
1101,108145,25,0
1101,108146,26,0
1101,108071,27,0
1101,108072,28,0
1101,108133,29,1
2200,132002,1,0
2200,124018,2,0
2200,124020,3,1
2201,124020,1,0
2201,124021,2,0
2201,124022,3,0
2201,124023,4,0
2201,124024,5,0
2201,124025,6,0
2201,124026,7,0
2201,124027,8,0
2201,124028,9,0
2201,124029,10,0
2201,124019,11,0
2201,132001,12,0
2201,132002,13,0
2201,132011,14,1
