5200,'5021',1006,,2958,4,,0,103,,2957,4,,0,104,,2956,4,,0,102,,2955,4,,0,100,,2953,4,,0,100,,2951,4,,0,195,,2952,4,,0,99,,2960,4,,0,99,,2962,4,,0,106,,2963,4,,0,101,,2964,4,,0
5200,'5022',719,,2979,4,,0,123,,2980,4,,0,90,,2981,4,,0,113,,2975,4,,0,106,,2976,4,,0,153,,2977,4,,0,100,,2972,4,,0,115,,2973,4,,0,102,,2974,4,,0,103,,2970,4,,0,96,,2971,4,,0,100,,2968,4,,0,298,,2967,4,,0,129,,2965,4,,0
5200,'5024',1012,,2988,4,,0,101,,2994,4,,0,103,,2987,4,,0,101,,2991,4,,0,100,,2986,4,,0,100,,2990,4,,0,100,,2985,4,,0,99,,2992,4,,0,96,,2984,4,,0,100,,2993,4,,0,305,,2982,4,,0
5301,'5021',828,,3053,4,,0,104,,3051,4,,0,100,,3050,4,,0,100,,3042,4,,0,101,,3043,4,,0,100,,3044,4,,0,100,,3045,4,,0,100,,3046,4,,0,100,,3048,4,,0,100,,3049,4,,0,100,,3047,4,,0,99,,3052,4,,0,100,,3054,4,,0
5301,'5022',601,,3055,4,,0,41,,3056,4,,0,106,,3058,4,,0,78,,3059,4,,0,21,,3060,4,,0,100,,3061,4,,0,101,,3062,4,,0,101,,3063,4,,0,100,,3064,4,,0,100,,3065,4,,0,107,,3066,4,,0,75,,3067,4,,0,24,,3068,4,,0,65,,3069,4,,0,30,,3070,4,,0,99,,3071,4,,0,94,,3072,4,,0,95,,3073,4,,0,109,,3074,4,,0,99,,3075,4,,0
5301,'5024',827,,3090,4,,0,104,,3076,4,,0,106,,3085,4,,0,95,,3078,4,,0,101,,3086,4,,0,100,,3080,4,,0,100,,3082,4,,0,100,,3083,4,,0,100,,3084,4,,0,100,,3079,4,,0,95,,3087,4,,0,100,,3077,4,,0,109,,3088,4,,0,100,,3081,4,,0,109,,3089,4,,0
5901,'5022',630,,3272,,,0,100,,3271,,,0
6601,'5021',645,,3374,,,0,80,,3373,,,0,75,,3372,,,0,35,,3366,,,0,70,,3356,,,0,30,,3357,,,0,75,,3365,,,0,35,,3358,,,0,75,,3371,,,0,85,,3377,,,0,43,,3359,,,0,82,,3376,,,0,85,,3360,,,0,85,,3361,,,0,45,,3375,,,0,73,,3370,,,0,30,,3355,,,0,70,,3362,,,0,30,,3369,,,0,171,,3367,,,0,97,,3368,,,0
6601,'5022',440,,3378,,,0,60,,3379,,,0,20,,3380,,,0,20,,3381,,,0,60,,3384,,,0,23,,3385,,,0,35,,3386,,,0,78,,3387,,,0,80,,3383,,,0,106,,3382,,,0,99,,3390,,,0,93,,3391,,,0,29,,3410,,,0,99,,3412,,,0,96,,3407,,,0,65,,3393,,,0,34,,3395,,,0,17,,3396,,,0,82,,3398,,,0,67,,3399,,,0,50,,3401,,,0,66,,3402,,,0,105,,3392,,,0,31,,3404,,,0,71,,3405,,,0,95,,3406,,,0
6601,'5024',545,,3431,,,0,100,,3427,,,0,80,,3424,,,0,75,,3423,,,0,35,,3419,,,0,65,,3426,,,0,30,,3433,,,0,75,,3416,,,0,37,,3432,,,0,74,,3422,,,0,43,,3435,,,0,85,,3413,,,0,86,,3436,,,0,85,,3414,,,0,85,,3415,,,0,46,,3417,,,0,72,,3428,,,0,29,,3418,,,0,70,,3425,,,0,31,,3420,,,0,174,,3429,,,0,95,,3430,,,0
7100,'5022',515,,3440,0,5,0,110,,3439,,,0,95,,3437,,,0,100,,3441,,,0,100,,3438,,,0,320,,3442,,,0,175,,3445,,,0,27,,3443,0,5,0,78,,3444,,,0,100,,3446,,,0,110,,3447,,,0
7100,'5023',1935,,3448,,,0,195,,3449,,,0
7100,'5024',723,,3455,0,5,0,127,,3451,,,0,195,,3452,,,0,200,,3453,,,0,162,,3450,0,5,0,127,,3454,,,0,201,,3456,,,0,265,,3457,,,0,155,,3458,,,0
7101,'5022',711,,3460,4,,0,96,,3462,4,,0,103,,3461,4,,0,30,,3463,4,,0,70,,3464,4,,0,100,,3459,4,,0,316,,3465,4,,0,180,,3466,4,,0,100,,3467,4,,0,104,,3468,4,,0,110,,3469,4,,0
7101,'5023',2114,,3470,4,,0,193,,3471,4,,0
7101,'5024',1029,,3473,4,,0,115,,3477,4,,0,85,,3472,4,,0,205,,3474,4,,0,280,,3475,4,,0,115,,3478,4,,0,86,,3476,4,,0,224,,3479,4,,0,193,,3480,4,,0
