'3610',1003100,74900,4,'',0,10100,4,'',0,10400,4,'',0,15000,4,'',0,11000,4,'',0,11000,4,'',0,11500,4,'',0,11500,4,'',0,15000,4,'',0,11000,4,'',0,3500,4,'',0,15600,4,'',0,10100,4,'',0,9800,4,'',0
'3941',1003100,85000,4,'',0,10500,4,'',0,14900,4,'',0,11000,4,'',0,11000,4,'',0,11500,4,'',0,11500,4,'',0,14800,4,'',0,14300,4,'',0,16000,4,'',0,10400,4,'',0
'3962',1003100,73100,4,'',0,7200,4,'',0,3400,4,'',0,8700,4,'',0,10100,4,'',0,11400,4,'',0,11000,4,'',0,11000,4,'',0,15400,4,'',0,4000,4,'',0,9400,4,'',0,7300,4,'',0,8000,4,'',0,4900,4,'',0,8100,4,'',0,12700,4,'',0,14300,4,'',0,10800,4,'',0
'3963',1003100,70100,4,'',0
'3964',1003100,70100,4,'',0
'3967',1003100,73100,4,'',0,7200,4,'',0,3400,4,'',0,8700,4,'',0,10100,4,'',0,11400,4,'',0,11000,4,'',0,11000,4,'',0,15400,4,'',0,4000,4,'',0,9400,4,'',0,7300,4,'',0,8000,4,'',0,4900,4,'',0,8100,4,'',0,12700,4,'',0,14300,4,'',0,10800,4,'',0
'3968',1003100,70100,4,'',0
'3969',1003100,70100,4,'',0
'3962',24003100,61300,4,'',0,3000,4,'',0,7000,4,'',0
'3967',24003100,61300,4,'',0,3000,4,'',0,7000,4,'',0
