5201,'5021',846,,1199,15,,,0,100,,1197,15,,,0,100,,1190,15,,,0,100,,1189,15,,,0,100,,1192,15,,,0,100,,1193,15,,,0,100,,1191,15,,,0,100,,1194,15,,,0,100,,1195,15,,,0,100,,1196,15,,,0,110,,1198,15,,,0,99,,1200,15,,,0,90,,1201,15,,,0
5201,'5022',703,,1208,15,,,0,97,,1209,15,,,0,115,,1210,15,,,0,105,,1211,15,,,0,109,,1212,15,,,0,99,,1213,15,,,0,105,,1214,15,,,0,100,,1215,15,,,0,110,,1216,15,,,0,100,,1217,15,,,0,107,,1203,15,,,0,95,,1204,15,,,0,109,,1205,15,,,0,102,,1206,15,,,0,169,,1207,15,,,0,133,,1202,15,,,0
5201,'5024',746,,1232,15,,,0,100,,1225,15,,,0,100,,1231,15,,,0,99,,1224,15,,,0,99,,1228,15,,,0,100,,1222,15,,,0,100,,1229,15,,,0,100,,1221,15,,,0,101,,1230,15,,,0,100,,1220,15,,,0,100,,1227,15,,,0,101,,1219,15,,,0,100,,1226,15,,,0,110,,1223,15,,,0,169,,1218,15,,,0,134,,1233,15,,,0
5401,'5021',847,,1292,45,0,25 26,0,98,,1293,74,0,25 26,0,103,,1291,74,0,25 26,0,103,,1284,74,0,25 26,0,101,,1285,74,0,25 26,0,100,,1286,74,0,25 26,0,100,,1287,74,0,25 26,0,97,,1289,74,0,25 26,0,99,,1283,74,0,25 26,0,100,,1288,74,0,25 26,0,99,,1290,74,0,25 26,0,108,,1294,74,0,25 26,0,100,,1295,74,0,25 26,0
5401,'5022',600,,1296,45,0,25 26,0,100,,1298,74,0,25 26,0,121,,1299,74,0,25 26,0,87,,1300,74,0,25 26,0,112,,1301,74,0,25 26,0,106,,1302,74,0,25 26,0,111,,1303,74,0,25 26,0,101,,1297,74,0,25 26,0,112,,1304,74,0,25 26,0,107,,1305,74,0,25 26,0,99,,1306,74,0,25 26,0,97,,1307,74,0,25 26,0,103,,1308,74,0,25 26,0,94,,1309,74,0,25 26,0,108,,1310,74,0,25 26,0,98,,1311,74,0,25 26,0,169,,1312,74,0,25 26,0
5401,'5024',748,,1329,45,0,25 26,0,99,,1328,74,0,25 26,0,103,,1320,74,0,25 26,0,101,,1326,74,0,25 26,0,102,,1319,74,0,25 26,0,100,,1325,74,0,25 26,0,100,,1317,74,0,25 26,0,100,,1324,74,0,25 26,0,100,,1316,74,0,25 26,0,99,,1323,74,0,25 26,0,98,,1315,74,0,25 26,0,100,,1322,74,0,25 26,0,99,,1314,74,0,25 26,0,99,,1321,74,0,25 26,0,109,,1313,74,0,25 26,0,172,,1318,74,0,25 26,0
5801,'5021',816,,1429,28,,,0,120,,1425,28,,,0,100,,1419,28,,,0,100,,1427,28,,,0,100,,1420,28,,,0,99,,1421,28,,,0,100,,1422,28,,,0,100,,1428,28,,,0,100,,1423,28,,,0,101,,1424,28,,,0,100,,1426,28,,,0,95,,1430,28,,,0,100,,1431,28,,,0
5801,'5022',557,,1446,17,,,0,95,,1442,28,,,0,175,,1443,28,,,0,121,,1444,28,,,0,100,,1445,28,,,0,102,,1435,28,,,0,100,,1436,28,,,0,100,,1437,28,,,0,105,,1438,28,,,0,100,,1439,28,,,0,96,,1440,28,,,0,97,,1441,28,,,0,99,,1433,28,,,0,160,,1434,28,,,0,130,,1432,28,,,0
5801,'5024',816,,1459,28,,,0,119,,1455,28,,,0,100,,1454,28,,,0,100,,1458,28,,,0,100,,1450,28,,,0,100,,1449,28,,,0,100,,1453,28,,,0,100,,1457,28,,,0,100,,1456,28,,,0,100,,1452,28,,,0,101,,1448,28,,,0,170,,1447,28,,,0,130,,1451,28,,,0,100,,1460,28,,,0
5900,'5022',1625,,1461,12,,,0,95,,1462,12,,,0
5901,'5022',652,,1464,19,,,0,100,,1463,19,,,0
