'4071',5100,83500,,'',0,10200,,'',0,7500,,'',0,3100,,'',0,7500,,'',0,3500,,'',0,7800,,'',0,7500,,'',0,3800,,'',0,7500,,'',0,4000,,'',0,7500,,'',0,7500,,'',0,3500,,'',0,7500,,'',0,3400,,'',0,7400,,'',0,7500,,'',0,2900,,'',0,7500,,'',0,10500,,'',0
'4071',5101,83500,4,'',0,10200,4,'',0,7500,4,'',0,3100,4,'',0,7500,4,'',0,3500,4,'',0,7800,4,'',0,7500,4,'',0,3800,4,'',0,7500,4,'',0,4000,4,'',0,7500,4,'',0,7500,4,'',0,3500,4,'',0,7500,4,'',0,3400,4,'',0,7400,4,'',0,7500,4,'',0,2900,4,'',0,7500,4,'',0,10500,4,'',0
'4072',5100,52300,,'',0,3000,,'',0,6700,,'',0,2100,,'',0,1500,,'',0,5500,,'',0,1500,,'',0,1500,,'',0,1500,,'',0,4700,,'',0,800,,'',0,800,0,'Downtown Only',0,700,,'',0,1500,,'',0,1400,,'',0,6000,,'',0,2500,,'',0,6500,,'',0,2500,,'',0,2500,,'',0,6500,,'',0,2500,,'',0,6500,,'',0,2000,,'',0,1900,,'',0,5800,,'',0,1800,,'',0,2000,,'',0,6000,,'',0,2000,,'',0,1000,0,'Downtown Only',0,1000,,'',0,1000,,'',0,5000,,'',0,1800,,'',0,1700,,'',0,1600,,'',0,5600,,'',0,1600,,'',0,1600,,'',0,5600,,'',0,1500,,'',0,1500,,'',0,1500,,'',0,5500,,'',0,2000,,'',0,2100,,'',0,6200,,'',0,2500,,'',0,2400,,'',0,7000,,'',0,8900,,'',0,3000,,'',0,6900,,'',0,10000,,'',0
'4072',5101,64100,4,'',0,1500,4,'',0,7000,4,'',0,1500,4,'',0,1500,4,'',0,5500,4,'',0,800,4,'',0,700,4,'',0,1500,4,'',0,1400,4,'',0,6000,4,'',0,2500,4,'',0,6500,4,'',0,2500,4,'',0,2500,4,'',0,6500,4,'',0,2500,4,'',0,6500,4,'',0,2000,4,'',0,1900,4,'',0,5800,4,'',0,1800,4,'',0,2000,4,'',0,6000,4,'',0,2000,4,'',0,2000,4,'',0,1000,4,'',0,5000,4,'',0,1800,4,'',0,1700,4,'',0,1600,4,'',0,5600,4,'',0,1600,4,'',0,1600,4,'',0,5600,4,'',0,1500,4,'',0,1500,4,'',0,1500,4,'',0,5500,4,'',0,2000,4,'',0,2100,4,'',0,6200,4,'',0,2500,4,'',0,2400,4,'',0,7000,4,'',0,8900,4,'',0,3000,4,'',0,6900,4,'',0,10000,4,'',0
'4075',5100,73500,,'',0,10100,,'',0,7000,,'',0,3200,,'',0,7000,,'',0,3000,,'',0,2100,,'',0,6500,,'',0,2500,,'',0,6100,,'',0,1800,,'',0,1800,,'',0,5800,,'',0,1800,,'',0,1800,,'',0,1900,,'',0,5700,,'',0,1800,,'',0,1800,,'',0,6000,,'',0,1600,,'',0,1700,,'',0,5800,,'',0,2000,,'',0,2500,,'',0,6500,,'',0,2000,,'',0,2400,,'',0,6500,,'',0,2000,,'',0,6500,,'',0,4000,,'',0,6500,,'',0,10000,,'',0,9900,,'',0,9900,,'',0
'4075',5101,73500,4,'',0,10100,4,'',0,10200,4,'',0,7000,4,'',0,3000,4,'',0,2100,4,'',0,6500,4,'',0,2500,4,'',0,6100,4,'',0,1800,4,'',0,1800,4,'',0,5800,4,'',0,1800,4,'',0,1800,4,'',0,1900,4,'',0,5700,4,'',0,1800,4,'',0,1800,4,'',0,6000,4,'',0,1600,4,'',0,1700,4,'',0,5800,4,'',0,2000,4,'',0,2500,4,'',0,6500,4,'',0,2000,4,'',0,2400,4,'',0,6500,4,'',0,2000,4,'',0,6500,4,'',0,4000,4,'',0,6500,4,'',0,10000,4,'',0,9900,4,'',0,9900,4,'',0
'4072',5500,80300,4,'',0,23400,4,'',0,50900,4,'',0,30700,4,'',0
'4072',5501,72100,,'',0,23600,,'',0,54700,,'',0,30900,,'',0
'4075',5500,95300,4,'',0,39000,4,'',0,40000,4,'',0
'4075',5501,91200,,'',0,39000,,'',0,40000,,'',0
