5201,'5021',847,,1199,16,,,0,100,,1197,16,,,0,100,,1190,16,,,0,100,,1189,16,,,0,100,,1192,16,,,0,100,,1193,16,,,0,100,,1191,16,,,0,100,,1194,16,,,0,100,,1195,16,,,0,100,,1196,16,,,0,110,,1198,16,,,0,99,,1200,16,,,0,90,,1201,16,,,0
5201,'5022',704,,1208,16,,,0,97,,1209,16,,,0,115,,1210,16,,,0,105,,1211,16,,,0,109,,1212,16,,,0,99,,1213,16,,,0,105,,1214,16,,,0,100,,1215,16,,,0,110,,1216,16,,,0,100,,1217,16,,,0,107,,1203,16,,,0,95,,1204,16,,,0,109,,1205,16,,,0,102,,1206,16,,,0,169,,1207,16,,,0,133,,1202,16,,,0
5201,'5024',747,,1232,16,,,0,100,,1225,16,,,0,100,,1231,16,,,0,99,,1224,16,,,0,99,,1228,16,,,0,100,,1222,16,,,0,100,,1229,16,,,0,100,,1221,16,,,0,101,,1230,16,,,0,100,,1220,16,,,0,100,,1227,16,,,0,101,,1219,16,,,0,100,,1226,16,,,0,110,,1223,16,,,0,169,,1218,16,,,0,174,,1233,16,,,0
5401,'5021',848,,1292,46,0,25 26,0,98,,1293,75,0,25 26,0,103,,1291,75,0,25 26,0,103,,1284,75,0,25 26,0,101,,1285,75,0,25 26,0,100,,1286,75,0,25 26,0,100,,1287,75,0,25 26,0,97,,1289,75,0,25 26,0,99,,1283,75,0,25 26,0,100,,1288,75,0,25 26,0,99,,1290,75,0,25 26,0,108,,1294,75,0,25 26,0,100,,1295,75,0,25 26,0
5401,'5022',601,,1296,46,0,25 26,0,100,,1298,75,0,25 26,0,121,,1299,75,0,25 26,0,87,,1300,75,0,25 26,0,112,,1301,75,0,25 26,0,106,,1302,75,0,25 26,0,111,,1303,75,0,25 26,0,101,,1297,75,0,25 26,0,112,,1304,75,0,25 26,0,107,,1305,75,0,25 26,0,99,,1306,75,0,25 26,0,97,,1307,75,0,25 26,0,103,,1308,75,0,25 26,0,94,,1309,75,0,25 26,0,108,,1310,75,0,25 26,0,98,,1311,75,0,25 26,0,169,,1312,75,0,25 26,0
5401,'5024',749,,1329,46,0,25 26,0,99,,1328,75,0,25 26,0,103,,1320,75,0,25 26,0,101,,1326,75,0,25 26,0,102,,1319,75,0,25 26,0,100,,1325,75,0,25 26,0,100,,1317,75,0,25 26,0,100,,1324,75,0,25 26,0,100,,1316,75,0,25 26,0,99,,1323,75,0,25 26,0,98,,1315,75,0,25 26,0,100,,1322,75,0,25 26,0,99,,1314,75,0,25 26,0,99,,1321,75,0,25 26,0,109,,1313,75,0,25 26,0,172,,1318,75,0,25 26,0
5801,'5021',816,,1429,29,,,0,120,,1425,29,,,0,100,,1419,29,,,0,100,,1427,29,,,0,100,,1420,29,,,0,100,,1421,29,,,0,100,,1422,29,,,0,100,,1428,29,,,0,100,,1423,29,,,0,100,,1424,29,,,0,100,,1426,29,,,0,95,,1430,29,,,0,100,,1431,29,,,0
5801,'5022',557,,1446,18,,,0,95,,1442,29,,,0,176,,1443,29,,,0,121,,1444,29,,,0,100,,1445,29,,,0,102,,1435,29,,,0,100,,1436,29,,,0,100,,1437,29,,,0,105,,1438,29,,,0,100,,1439,29,,,0,96,,1440,29,,,0,97,,1441,29,,,0,98,,1433,29,,,0,160,,1434,29,,,0,130,,1432,29,,,0
5801,'5024',816,,1459,29,,,0,120,,1455,29,,,0,100,,1454,29,,,0,100,,1458,29,,,0,100,,1450,29,,,0,100,,1449,29,,,0,100,,1453,29,,,0,100,,1457,29,,,0,100,,1456,29,,,0,100,,1452,29,,,0,100,,1448,29,,,0,170,,1447,29,,,0,130,,1451,29,,,0,100,,1460,29,,,0
5900,'5022',1626,,1461,13,,,0,95,,1462,13,,,0
5901,'5022',653,,1464,20,,,0,100,,1463,20,,,0
