5201,'5021',846,,1199,14,,,0,100,,1197,14,,,0,99,,1190,14,,,0,100,,1189,14,,,0,100,,1192,14,,,0,100,,1193,14,,,0,100,,1191,14,,,0,100,,1194,14,,,0,100,,1195,14,,,0,101,,1196,14,,,0,110,,1198,14,,,0,99,,1200,14,,,0,90,,1201,14,,,0
5201,'5022',702,,1208,14,,,0,57,,1209,14,,,0,155,,1210,14,,,0,105,,1211,14,,,0,110,,1212,14,,,0,99,,1213,14,,,0,105,,1214,14,,,0,100,,1215,14,,,0,109,,1216,14,,,0,101,,1217,14,,,0,106,,1203,14,,,0,95,,1204,14,,,0,109,,1205,14,,,0,102,,1206,14,,,0,170,,1207,14,,,0,133,,1202,14,,,0
5201,'5024',746,,1232,14,,,0,99,,1225,14,,,0,100,,1231,14,,,0,100,,1224,14,,,0,99,,1228,14,,,0,100,,1222,14,,,0,100,,1229,14,,,0,100,,1221,14,,,0,100,,1230,14,,,0,100,,1220,14,,,0,100,,1227,14,,,0,101,,1219,14,,,0,100,,1226,14,,,0,110,,1223,14,,,0,170,,1218,14,,,0,134,,1233,14,,,0
5401,'5021',846,,1292,44,0,25 26,0,98,,1293,73,0,25 26,0,103,,1291,73,0,25 26,0,103,,1284,73,0,25 26,0,101,,1285,73,0,25 26,0,100,,1286,73,0,25 26,0,100,,1287,73,0,25 26,0,97,,1289,73,0,25 26,0,99,,1283,73,0,25 26,0,100,,1288,73,0,25 26,0,99,,1290,73,0,25 26,0,109,,1294,73,0,25 26,0,100,,1295,73,0,25 26,0
5401,'5022',559,,1296,44,0,25 26,0,100,,1298,73,0,25 26,0,161,,1299,73,0,25 26,0,87,,1300,73,0,25 26,0,112,,1301,73,0,25 26,0,106,,1302,73,0,25 26,0,111,,1303,73,0,25 26,0,101,,1297,73,0,25 26,0,113,,1304,73,0,25 26,0,106,,1305,73,0,25 26,0,99,,1306,73,0,25 26,0,97,,1307,73,0,25 26,0,103,,1308,73,0,25 26,0,94,,1309,73,0,25 26,0,108,,1310,73,0,25 26,0,99,,1311,73,0,25 26,0,169,,1312,73,0,25 26,0
5401,'5024',747,,1329,44,0,25 26,0,99,,1328,73,0,25 26,0,103,,1320,73,0,25 26,0,101,,1326,73,0,25 26,0,102,,1319,73,0,25 26,0,100,,1325,73,0,25 26,0,100,,1317,73,0,25 26,0,100,,1324,73,0,25 26,0,100,,1316,73,0,25 26,0,99,,1323,73,0,25 26,0,98,,1315,73,0,25 26,0,100,,1322,73,0,25 26,0,99,,1314,73,0,25 26,0,99,,1321,73,0,25 26,0,110,,1313,73,0,25 26,0,172,,1318,73,0,25 26,0
5801,'5021',815,,1429,27,,,0,120,,1425,27,,,0,100,,1419,27,,,0,100,,1427,27,,,0,100,,1420,27,,,0,100,,1421,27,,,0,100,,1422,27,,,0,100,,1428,27,,,0,100,,1423,27,,,0,100,,1424,27,,,0,100,,1426,27,,,0,95,,1430,27,,,0,100,,1431,27,,,0
5801,'5022',556,,1446,16,,,0,95,,1442,27,,,0,176,,1443,27,,,0,121,,1444,27,,,0,100,,1445,27,,,0,101,,1435,27,,,0,100,,1436,27,,,0,100,,1437,27,,,0,105,,1438,27,,,0,101,,1439,27,,,0,96,,1440,27,,,0,97,,1441,27,,,0,98,,1433,27,,,0,160,,1434,27,,,0,130,,1432,27,,,0
5801,'5024',815,,1459,27,,,0,120,,1455,27,,,0,100,,1454,27,,,0,100,,1458,27,,,0,100,,1450,27,,,0,100,,1449,27,,,0,100,,1453,27,,,0,100,,1457,27,,,0,100,,1456,27,,,0,100,,1452,27,,,0,100,,1448,27,,,0,170,,1447,27,,,0,130,,1451,27,,,0,100,,1460,27,,,0
5900,'5022',1624,,1461,11,,,0,95,,1462,11,,,0
5901,'5022',652,,1464,18,,,0,100,,1463,18,,,0
