5201,'5021',848,,3007,,,0,100,,3005,,,0,99,,2998,,,0,100,,2997,,,0,100,,3000,,,0,100,,3001,,,0,100,,2999,,,0,100,,3002,,,0,100,,3003,,,0,101,,3004,,,0,110,,3006,,,0,99,,3008,,,0,90,,3009,,,0
5201,'5022',704,,3016,,,0,97,,3017,,,0,115,,3018,,,0,105,,3019,,,0,110,,3020,,,0,99,,3021,,,0,105,,3022,,,0,100,,3023,,,0,110,,3024,,,0,100,,3025,,,0,106,,3011,,,0,95,,3012,,,0,109,,3013,,,0,102,,3014,,,0,170,,3015,,,0,173,,3010,,,0
5201,'5024',748,,3040,,,0,99,,3033,,,0,100,,3039,,,0,100,,3032,,,0,99,,3036,,,0,100,,3030,,,0,100,,3037,,,0,100,,3029,,,0,100,,3038,,,0,100,,3028,,,0,100,,3035,,,0,101,,3027,,,0,100,,3034,,,0,110,,3031,,,0,170,,3026,,,0,174,,3041,,,0
5401,'5021',849,,3100,,,0,98,,3101,,,0,102,,3099,,,0,103,,3092,,,0,101,,3093,,,0,100,,3094,,,0,100,,3095,,,0,98,,3097,,,0,99,,3091,,,0,100,,3096,,,0,99,,3098,,,0,108,,3102,,,0,100,,3103,,,0
5401,'5022',602,,3104,,,0,100,,3106,,,0,120,,3107,,,0,87,,3108,,,0,112,,3109,,,0,106,,3110,,,0,111,,3111,,,0,101,,3105,,,0,113,,3112,,,0,106,,3113,,,0,99,,3114,,,0,98,,3115,,,0,103,,3116,,,0,94,,3117,,,0,148,,3118,,,0,58,,3119,,,0,169,,3120,,,0
5401,'5024',750,,3137,,,0,99,,3136,,,0,103,,3128,,,0,100,,3134,,,0,102,,3127,,,0,100,,3133,,,0,100,,3125,,,0,100,,3132,,,0,100,,3124,,,0,100,,3131,,,0,98,,3123,,,0,100,,3130,,,0,99,,3122,,,0,99,,3129,,,0,109,,3121,,,0,172,,3126,,,0
5801,'5021',817,,3237,,,0,120,,3233,,,0,100,,3227,,,0,100,,3235,,,0,100,,3228,,,0,100,,3229,,,0,100,,3230,,,0,100,,3236,,,0,100,,3231,,,0,100,,3232,,,0,100,,3234,,,0,95,,3238,,,0,100,,3239,,,0
5801,'5022',558,,3254,,,0,95,,3250,,,0,176,,3251,,,0,121,,3252,,,0,100,,3253,,,0,101,,3243,,,0,100,,3244,,,0,100,,3245,,,0,105,,3246,,,0,101,,3247,,,0,96,,3248,,,0,97,,3249,,,0,98,,3241,,,0,160,,3242,,,0,130,,3240,,,0
5801,'5024',817,,3267,,,0,120,,3263,,,0,100,,3262,,,0,100,,3266,,,0,100,,3258,,,0,100,,3257,,,0,100,,3261,,,0,100,,3265,,,0,100,,3264,,,0,100,,3260,,,0,100,,3256,,,0,170,,3255,,,0,130,,3259,,,0,100,,3268,,,0
5900,'5022',1626,,3269,,,0,95,,3270,,,0
5901,'5022',654,,3272,,,0,100,,3271,,,0
