5200,'5021',755,,1153,1,,,0,99,,1151,1,,,0,98,,1150,1,,,0,103,,1149,1,,,0,103,,1148,1,,,0,101,,1147,1,,,0,100,,1145,1,,,0,100,,1143,1,,,0,97,,1146,1,,,0,99,,1144,1,,,0,100,,1152,1,,,0,99,,1154,1,,,0,148,,1155,1,,,0,101,,1156,1,,,0
5200,'5022',605,,1170,1,,,0,100,,1171,1,,,0,123,,1172,1,,,0,90,,1173,1,,,0,112,,1167,1,,,0,105,,1168,1,,,0,112,,1169,1,,,0,100,,1164,1,,,0,153,,1165,1,,,0,103,,1166,1,,,0,104,,1162,1,,,0,97,,1163,1,,,0,101,,1160,1,,,0,95,,1161,1,,,0,105,,1158,1,,,0,100,,1159,1,,,0,130,,1157,1,,,0
5200,'5024',755,,1188,1,,,0,99,,1187,1,,,0,103,,1180,1,,,0,101,,1186,1,,,0,142,,1179,1,,,0,100,,1183,1,,,0,100,,1178,1,,,0,100,,1182,1,,,0,100,,1177,1,,,0,59,,1184,1,,,0,98,,1176,1,,,0,100,,1185,1,,,0,99,,1175,1,,,0,99,,1181,1,,,0,149,,1174,1,,,0
5201,'5021',848,,1199,18,4,,0,100,,1197,18,4,,0,100,,1190,18,4,,0,100,,1189,18,4,,0,100,,1192,18,4,,0,100,,1193,18,4,,0,100,,1191,18,4,,0,100,,1194,18,4,,0,100,,1195,18,4,,0,100,,1196,18,4,,0,110,,1198,18,4,,0,99,,1200,18,4,,0,90,,1201,18,4,,0
5201,'5022',705,,1208,18,4,,0,97,,1209,18,4,,0,115,,1210,18,4,,0,105,,1211,18,4,,0,110,,1212,18,4,,0,99,,1213,18,4,,0,105,,1214,18,4,,0,100,,1215,18,4,,0,110,,1216,18,4,,0,100,,1217,18,4,,0,106,,1203,18,4,,0,95,,1204,18,4,,0,109,,1205,18,4,,0,102,,1206,18,4,,0,169,,1207,18,4,,0,173,,1202,18,4,,0
5201,'5024',748,,1232,18,4,,0,100,,1225,18,4,,0,100,,1231,18,4,,0,100,,1224,18,4,,0,99,,1228,18,4,,0,100,,1222,18,4,,0,100,,1229,18,4,,0,100,,1221,18,4,,0,100,,1230,18,4,,0,100,,1220,18,4,,0,100,,1227,18,4,,0,101,,1219,18,4,,0,100,,1226,18,4,,0,110,,1223,18,4,,0,169,,1218,18,4,,0,174,,1233,18,4,,0
5401,'5021',849,,1292,48,4,,0,1,,1293,1,0,9,0,97,,1293,77,4,,0,3,,1291,1,0,9,0,100,,1291,77,4,,0,100,,1285,1,0,9,0,3,,1284,77,4,,0,97,,1286,1,0,9,0,4,,1285,77,4,,0,96,,1287,1,0,9,0,4,,1286,77,4,,0,96,,1289,1,0,9,0,4,,1287,77,4,,0,96,,1283,1,0,9,0,1,,1289,77,4,,0,99,,1288,1,0,9,0,100,,1288,77,4,,0,99,,1290,77,4,,0,51,,1294,1,0,9,0,57,,1294,77,4,,0,43,,1295,1,0,9,0,57,,1295,77,4,,0
5401,'5022',602,,1296,48,4,,0,3,,1298,1,0,9,0,97,,1298,77,4,,0,6,,1299,1,0,9,0,97,,1300,1,0,9,0,18,,1299,77,4,,0,87,,1300,77,4,,0,10,,1301,1,0,9,0,102,,1301,77,4,,0,3,,1302,1,0,9,0,103,,1302,77,4,,0,7,,1303,1,0,9,0,100,,1297,1,0,9,0,4,,1303,77,4,,0,101,,1297,77,4,,0,105,,1305,1,0,9,0,8,,1304,77,4,,0,97,,1306,1,0,9,0,9,,1305,77,4,,0,91,,1307,1,0,9,0,8,,1306,77,4,,0,97,,1308,1,0,9,0,95,,1309,1,0,9,0,8,,1308,77,4,,0,94,,1309,77,4,,0,48,,1310,1,0,9,0,100,,1310,77,4,,0,3,,1311,1,0,9,0,55,,1311,77,4,,0,75,,1312,1,0,9,0,94,,1312,77,4,,0
5401,'5024',750,,1329,48,4,,0,99,,1328,77,4,,0,1,,1320,1,0,9,0,100,,1326,1,0,9,0,2,,1320,77,4,,0,98,,1319,1,0,9,0,3,,1326,77,4,,0,97,,1325,1,0,9,0,5,,1319,77,4,,0,95,,1317,1,0,9,0,5,,1325,77,4,,0,95,,1324,1,0,9,0,5,,1317,77,4,,0,95,,1316,1,0,9,0,5,,1324,77,4,,0,95,,1323,1,0,9,0,5,,1316,77,4,,0,95,,1315,1,0,9,0,4,,1323,77,4,,0,96,,1322,1,0,9,0,2,,1315,77,4,,0,98,,1314,1,0,9,0,2,,1322,77,4,,0,98,,1321,1,0,9,0,1,,1314,77,4,,0,99,,1321,77,4,,0,50,,1313,1,0,9,0,59,,1313,77,4,,0,74,,1318,1,0,9,0,98,,1318,77,4,,0,5,,1327,1,0,9,0
5700,'5021',820,,1346,1,,,0,120,,1343,1,,,0,100,,1337,1,,,0,100,,1345,1,,,0,100,,1338,1,,,0,100,,1339,1,,,0,100,,1340,1,,,0,100,,1344,1,,,0,100,,1341,1,,,0,100,,1342,1,,,0,100,,1347,1,,,0,95,,1348,1,,,0
5700,'5022',600,,1355,1,,,0,55,,1356,1,,,0,145,,1357,1,,,0,100,,1358,1,,,0,53,,1359,1,,,0,100,,1360,1,,,0,102,,1361,1,,,0,100,,1362,1,,,0,100,,1363,1,,,0,147,,1364,1,,,0,98,,1351,1,,,0,56,,1352,1,,,0,96,,1353,1,,,0,98,,1354,1,,,0,160,,1350,1,,,0,130,,1349,1,,,0
5700,'5024',820,,1377,1,,,0,120,,1373,1,,,0,100,,1369,1,,,0,100,,1375,1,,,0,100,,1371,1,,,0,100,,1372,1,,,0,100,,1367,1,,,0,100,,1376,1,,,0,100,,1374,1,,,0,100,,1368,1,,,0,100,,1370,1,,,0,170,,1365,1,,,0,130,,1366,1,,,0,100,,1378,1,,,0
5701,'5021',912,,1388,27,4,,0,100,,1384,27,4,,0,100,,1386,27,4,,0,100,,1379,27,4,,0,98,,1380,27,4,,0,100,,1381,27,4,,0,100,,1387,27,4,,0,100,,1382,27,4,,0,101,,1383,27,4,,0,100,,1385,27,4,,0,94,,1389,27,4,,0,100,,1390,27,4,,0
5701,'5022',627,,1401,27,4,,0,130,,1402,27,4,,0,93,,1403,27,4,,0,72,,1404,27,4,,0,100,,1405,27,4,,0,100,,1394,27,4,,0,100,,1395,27,4,,0,100,,1396,27,4,,0,101,,1397,27,4,,0,104,,1398,27,4,,0,96,,1399,27,4,,0,99,,1400,27,4,,0,99,,1391,27,4,,0,121,,1392,27,4,,0,170,,1393,27,4,,0
5701,'5024',911,,1417,27,4,,0,100,,1410,27,4,,0,98,,1416,27,4,,0,100,,1413,27,4,,0,100,,1412,27,4,,0,100,,1407,27,4,,0,100,,1415,27,4,,0,100,,1414,27,4,,0,101,,1411,27,4,,0,102,,1406,27,4,,0,130,,1408,27,4,,0,170,,1409,27,4,,0,100,,1418,27,4,,0
5801,'5021',755,,1429,1,0,17 18,0,62,,1429,31,4,,0,97,,1425,1,0,17 18,0,23,,1425,31,4,,0,77,,1419,1,0,17 18,0,23,,1419,31,4,,0,77,,1427,1,0,17 18,0,23,,1427,31,4,,0,77,,1420,1,0,17 18,0,23,,1420,31,4,,0,75,,1421,1,0,17 18,0,25,,1421,31,4,,0,75,,1422,1,0,17 18,0,25,,1422,31,4,,0,75,,1428,1,0,17 18,0,25,,1428,31,4,,0,75,,1423,1,0,17 18,0,25,,1423,31,4,,0,76,,1424,1,0,17 18,0,24,,1424,31,4,,0,76,,1426,1,0,17 18,0,24,,1426,31,4,,0,73,,1430,1,0,17 18,0,22,,1430,31,4,,0,78,,1431,1,0,17 18,0,22,,1431,31,4,,0
5801,'5022',558,,1446,20,4,,0,72,,1442,1,0,17 18,0,23,,1442,31,4,,0,147,,1443,1,0,17 18,0,29,,1443,31,4,,0,96,,1444,1,0,17 18,0,25,,1444,31,4,,0,75,,1445,1,0,17 18,0,25,,1445,31,4,,0,75,,1435,1,0,17 18,0,27,,1435,31,4,,0,73,,1436,1,0,17 18,0,27,,1436,31,4,,0,73,,1437,1,0,17 18,0,27,,1437,31,4,,0,74,,1438,1,0,17 18,0,31,,1438,31,4,,0,73,,1439,1,0,17 18,0,27,,1439,31,4,,0,69,,1440,1,0,17 18,0,27,,1440,31,4,,0,72,,1441,1,0,17 18,0,25,,1441,31,4,,0,74,,1433,1,0,17 18,0,24,,1433,31,4,,0,97,,1434,1,0,17 18,0,63,,1434,31,4,,0,107,,1432,1,0,17 18,0,23,,1432,31,4,,0
5801,'5024',755,,1459,1,0,17 18,0,62,,1459,31,4,,0,96,,1455,1,0,17 18,0,24,,1455,31,4,,0,76,,1454,1,0,17 18,0,24,,1454,31,4,,0,75,,1458,1,0,17 18,0,25,,1458,31,4,,0,75,,1450,1,0,17 18,0,25,,1450,31,4,,0,75,,1449,1,0,17 18,0,25,,1449,31,4,,0,75,,1453,1,0,17 18,0,25,,1453,31,4,,0,75,,1457,1,0,17 18,0,25,,1457,31,4,,0,75,,1456,1,0,17 18,0,25,,1456,31,4,,0,75,,1452,1,0,17 18,0,25,,1452,31,4,,0,77,,1448,1,0,17 18,0,23,,1448,31,4,,0,107,,1447,1,0,17 18,0,63,,1447,31,4,,0,107,,1451,1,0,17 18,0,23,,1451,31,4,,0,77,,1460,1,0,17 18,0,23,,1460,31,4,,0
5900,'5022',1610,,1461,1,,,0,17,,1461,15,,,0,78,,1462,1,,,0,17,,1462,15,,,0
5901,'5022',639,,1464,8,,,0,15,,1464,22,4,,0,85,,1463,8,,,0,15,,1463,22,4,,0
