'3606',5100,54900,4,'',0,7300,4,'',0,2800,4,'',0,6300,4,'',0,1600,4,'',0,1600,4,'',0,5500,4,'',0,1800,4,'',0,1600,4,'',0,1500,4,'',0,5400,4,'',0,1400,4,'',0,1400,4,'',0,2100,4,'',0,6600,4,'',0,2500,4,'',0,6600,4,'',0,2600,4,'',0,6500,4,'',0,2500,4,'',0,2500,4,'',0,5900,4,'',0,1900,4,'',0,2000,4,'',0,5800,4,'',0,2000,4,'',0,2200,4,'',0,6000,4,'',0,2000,4,'',0,2000,4,'',0,5700,4,'',0,1700,4,'',0,1500,4,'',0,1600,4,'',0,5300,4,'',0,1500,4,'',0,1600,4,'',0,1500,4,'',0,5300,4,'',0,1500,4,'',0,1500,4,'',0,1900,4,'',0,6000,4,'',0,2200,4,'',0,6500,4,'',0,2400,4,'',0,2800,4,'',0,8900,4,'',0,6900,4,'',0,2900,4,'',0,9800,4,'',0
'3606',5101,62100,,'',0,1400,,'',0,7000,,'',0,1500,,'',0,1400,,'',0,1500,,'',0,5400,,'',0,1500,,'',0,1200,,'',0,2100,,'',0,6500,,'',0,2500,,'',0,6500,,'',0,2400,,'',0,2500,,'',0,6500,,'',0,2500,,'',0,5900,,'',0,1900,,'',0,1900,,'',0,5800,,'',0,2000,,'',0,2000,,'',0,6000,,'',0,2000,,'',0,2000,,'',0,1700,,'',0,5600,,'',0,1600,,'',0,1700,,'',0,5600,,'',0,1600,,'',0,1600,,'',0,1500,,'',0,5600,,'',0,1500,,'',0,1500,,'',0,2100,,'',0,6200,,'',0,2200,,'',0,6500,,'',0,2500,,'',0,7000,,'',0,5000,,'',0,7000,,'',0,3000,,'',0,10000,,'',0
'4045',5100,80500,4,'',0,10400,4,'',0,3000,4,'',0,7500,4,'',0,3000,4,'',0,7100,4,'',0,2100,4,'',0,6500,4,'',0,2500,4,'',0,2100,4,'',0,5800,4,'',0,1800,4,'',0,1800,4,'',0,1800,4,'',0,5800,4,'',0,2000,4,'',0,1600,4,'',0,5700,4,'',0,1800,4,'',0,2000,4,'',0,5600,4,'',0,1700,4,'',0,1800,4,'',0,2000,4,'',0,6400,4,'',0,2500,4,'',0,6000,4,'',0,2300,4,'',0,2400,4,'',0,6000,4,'',0,2500,4,'',0,7900,4,'',0,2400,4,'',0,10000,4,'',0,9900,4,'',0,9600,4,'',0
'4045',5101,71500,,'',0,10000,,'',0,10000,,'',0,3000,,'',0,7000,,'',0,2000,,'',0,6500,,'',0,2500,,'',0,2100,,'',0,5800,,'',0,1800,,'',0,1800,,'',0,1800,,'',0,5800,,'',0,1800,,'',0,1800,,'',0,5800,,'',0,1800,,'',0,2000,,'',0,5600,,'',0,1800,,'',0,1800,,'',0,6000,,'',0,2500,,'',0,2500,,'',0,6000,,'',0,2500,,'',0,6500,,'',0,2000,,'',0,2500,,'',0,8000,,'',0,2500,,'',0,10000,,'',0,10000,,'',0,10000,,'',0
'4338',5100,90700,4,'',0,10300,4,'',0,3500,4,'',0,7200,4,'',0,3700,4,'',0,7500,4,'',0,7900,4,'',0,3500,4,'',0,7800,4,'',0,3400,4,'',0,8000,4,'',0,7400,4,'',0,3500,4,'',0,7500,4,'',0,3500,4,'',0,7400,4,'',0,7300,4,'',0,3500,4,'',0,6900,4,'',0,3400,4,'',0,10300,4,'',0
'4338',5101,81500,,'',0,10000,,'',0,3500,,'',0,7000,,'',0,3500,,'',0,7500,,'',0,7500,,'',0,3500,,'',0,8000,,'',0,3500,,'',0,8000,,'',0,7500,,'',0,3500,,'',0,7500,,'',0,3500,,'',0,7500,,'',0,7500,,'',0,3500,,'',0,7000,,'',0,3500,,'',0,10500,,'',0
'3606',7101,71600,,'',0,9100,,'',0,10300,,'',0,3000,,'',0,7000,,'',0,10000,,'',0,31600,,'',0,18000,,'',0,11000,,'',0,9400,,'',0,10500,,'',0
'3617',7101,211900,,'',0,18800,,'',0
'4045',7101,101400,,'',0,13000,,'',0,7500,,'',0,21000,,'',0,29000,,'',0,9500,,'',0,11500,,'',0,19900,,'',0,19400,,'',0
'4338',7101,101700,,'',0,19500,,'',0,30500,,'',0,19500,,'',0
