5201,'4327',848,,1215,17,,,0,100,,1213,17,,,0,99,,1206,17,,,0,100,,1205,17,,,0,100,,1208,17,,,0,100,,1209,17,,,0,100,,1207,17,,,0,100,,1210,17,,,0,100,,1211,17,,,0,101,,1212,17,,,0,110,,1214,17,,,0,99,,1216,17,,,0,90,,1217,17,,,0
5201,'4332',748,,1232,17,,,0,99,,1225,17,,,0,100,,1231,17,,,0,100,,1224,17,,,0,99,,1228,17,,,0,100,,1222,17,,,0,100,,1229,17,,,0,100,,1221,17,,,0,100,,1230,17,,,0,100,,1220,17,,,0,100,,1227,17,,,0,101,,1219,17,,,0,100,,1226,17,,,0,110,,1223,17,,,0,170,,1218,17,,,0,174,,1233,17,,,0
5201,'4480',704,,1940,17,,,0,97,,1941,17,,,0,115,,1942,17,,,0,105,,1943,17,,,0,110,,1944,17,,,0,99,,1945,17,,,0,105,,1946,17,,,0,100,,1947,17,,,0,110,,1948,17,,,0,100,,1949,17,,,0,106,,1935,17,,,0,95,,1936,17,,,0,109,,1937,17,,,0,102,,1938,17,,,0,170,,1939,17,,,0,173,,1934,17,,,0
5401,'4327',849,,1309,47,,,0,98,,1310,76,,,0,102,,1308,76,,,0,103,,1301,76,,,0,101,,1302,76,,,0,100,,1303,76,,,0,100,,1304,76,,,0,98,,1306,76,,,0,99,,1300,76,,,0,100,,1305,76,,,0,99,,1307,76,,,0,108,,1311,76,,,0,100,,1312,76,,,0
5401,'4332',750,,1329,47,,,0,99,,1328,76,,,0,103,,1320,76,,,0,100,,1326,76,,,0,102,,1319,76,,,0,100,,1325,76,,,0,100,,1317,76,,,0,100,,1324,76,,,0,100,,1316,76,,,0,100,,1323,76,,,0,98,,1315,76,,,0,100,,1322,76,,,0,99,,1314,76,,,0,99,,1321,76,,,0,109,,1313,76,,,0,172,,1318,76,,,0
5401,'4480',602,,1971,47,,,0,100,,1973,76,,,0,120,,1974,76,,,0,87,,1975,76,,,0,112,,1976,76,,,0,106,,1977,76,,,0,111,,1978,76,,,0,101,,1972,76,,,0,113,,1979,76,,,0,106,,1980,76,,,0,99,,1981,76,,,0,98,,1982,76,,,0,103,,1983,76,,,0,94,,1984,76,,,0,148,,1985,76,,,0,58,,1986,76,,,0,169,,1987,76,,,0
5801,'4327',817,,1444,30,,,0,120,,1440,30,,,0,100,,1434,30,,,0,100,,1442,30,,,0,100,,1435,30,,,0,100,,1436,30,,,0,100,,1437,30,,,0,100,,1443,30,,,0,100,,1438,30,,,0,100,,1439,30,,,0,100,,1441,30,,,0,95,,1445,30,,,0,100,,1446,30,,,0
5801,'4332',817,,1459,30,,,0,120,,1455,30,,,0,100,,1454,30,,,0,100,,1458,30,,,0,100,,1450,30,,,0,100,,1449,30,,,0,100,,1453,30,,,0,100,,1457,30,,,0,100,,1456,30,,,0,100,,1452,30,,,0,100,,1448,30,,,0,170,,1447,30,,,0,130,,1451,30,,,0,100,,1460,30,,,0
5801,'4480',558,,2037,19,,,0,95,,2033,30,,,0,176,,2034,30,,,0,121,,2035,30,,,0,100,,2036,30,,,0,101,,2026,30,,,0,100,,2027,30,,,0,100,,2028,30,,,0,105,,2029,30,,,0,101,,2030,30,,,0,96,,2031,30,,,0,97,,2032,30,,,0,98,,2024,30,,,0,160,,2025,30,,,0,130,,2023,30,,,0
5900,'4480',1626,,2038,14,,,0,95,,2039,14,,,0
5901,'4480',654,,2041,21,,,0,100,,2040,21,,,0
