5200,'4759',605,,1156,1,,,0,100,,1157,1,,,0,123,,1158,1,,,0,90,,1159,1,,,0,112,,1153,1,,,0,105,,1154,1,,,0,112,,1155,1,,,0,100,,1150,1,,,0,153,,1151,1,,,0,103,,1152,1,,,0,104,,1148,1,,,0,97,,1149,1,,,0,101,,1146,1,,,0,95,,1147,1,,,0,105,,1144,1,,,0,100,,1145,1,,,0,130,,1143,1,,,0
5200,'4970',755,,1170,1,,,0,99,,1168,1,,,0,98,,1167,1,,,0,103,,1166,1,,,0,103,,1165,1,,,0,101,,1164,1,,,0,100,,1162,1,,,0,100,,1160,1,,,0,97,,1163,1,,,0,99,,1161,1,,,0,100,,1169,1,,,0,99,,1171,1,,,0,148,,1172,1,,,0,101,,1173,1,,,0
5200,'5024',755,,1188,1,,,0,99,,1187,1,,,0,103,,1180,1,,,0,101,,1186,1,,,0,142,,1179,1,,,0,100,,1183,1,,,0,100,,1178,1,,,0,100,,1182,1,,,0,100,,1177,1,,,0,59,,1184,1,,,0,98,,1176,1,,,0,100,,1185,1,,,0,99,,1175,1,,,0,99,,1181,1,,,0,149,,1174,1,,,0
5201,'4759',705,,1195,18,4,,0,97,,1196,18,4,,0,115,,1197,18,4,,0,105,,1198,18,4,,0,110,,1199,18,4,,0,99,,1200,18,4,,0,105,,1201,18,4,,0,100,,1202,18,4,,0,110,,1203,18,4,,0,100,,1204,18,4,,0,106,,1190,18,4,,0,95,,1191,18,4,,0,109,,1192,18,4,,0,102,,1193,18,4,,0,169,,1194,18,4,,0,173,,1189,18,4,,0
5201,'4970',848,,1215,18,4,,0,100,,1213,18,4,,0,100,,1206,18,4,,0,100,,1205,18,4,,0,100,,1208,18,4,,0,100,,1209,18,4,,0,100,,1207,18,4,,0,100,,1210,18,4,,0,100,,1211,18,4,,0,100,,1212,18,4,,0,110,,1214,18,4,,0,99,,1216,18,4,,0,90,,1217,18,4,,0
5201,'5024',748,,1232,18,4,,0,100,,1225,18,4,,0,100,,1231,18,4,,0,100,,1224,18,4,,0,99,,1228,18,4,,0,100,,1222,18,4,,0,100,,1229,18,4,,0,100,,1221,18,4,,0,100,,1230,18,4,,0,100,,1220,18,4,,0,100,,1227,18,4,,0,101,,1219,18,4,,0,100,,1226,18,4,,0,110,,1223,18,4,,0,169,,1218,18,4,,0,174,,1233,18,4,,0
5401,'4759',602,,1283,48,4,,0,3,,1285,1,0,9,0,97,,1285,77,4,,0,6,,1286,1,0,9,0,97,,1287,1,0,9,0,18,,1286,77,4,,0,87,,1287,77,4,,0,10,,1288,1,0,9,0,102,,1288,77,4,,0,3,,1289,1,0,9,0,103,,1289,77,4,,0,7,,1290,1,0,9,0,100,,1284,1,0,9,0,4,,1290,77,4,,0,101,,1284,77,4,,0,105,,1292,1,0,9,0,8,,1291,77,4,,0,97,,1293,1,0,9,0,9,,1292,77,4,,0,91,,1294,1,0,9,0,8,,1293,77,4,,0,97,,1295,1,0,9,0,95,,1296,1,0,9,0,8,,1295,77,4,,0,94,,1296,77,4,,0,48,,1297,1,0,9,0,100,,1297,77,4,,0,3,,1298,1,0,9,0,55,,1298,77,4,,0,75,,1299,1,0,9,0,94,,1299,77,4,,0
5401,'4970',849,,1309,48,4,,0,1,,1310,1,0,9,0,97,,1310,77,4,,0,3,,1308,1,0,9,0,100,,1308,77,4,,0,100,,1302,1,0,9,0,3,,1301,77,4,,0,97,,1303,1,0,9,0,4,,1302,77,4,,0,96,,1304,1,0,9,0,4,,1303,77,4,,0,96,,1306,1,0,9,0,4,,1304,77,4,,0,96,,1300,1,0,9,0,1,,1306,77,4,,0,99,,1305,1,0,9,0,100,,1305,77,4,,0,99,,1307,77,4,,0,51,,1311,1,0,9,0,57,,1311,77,4,,0,43,,1312,1,0,9,0,57,,1312,77,4,,0
5401,'5024',750,,1329,48,4,,0,99,,1328,77,4,,0,1,,1320,1,0,9,0,100,,1326,1,0,9,0,2,,1320,77,4,,0,98,,1319,1,0,9,0,3,,1326,77,4,,0,97,,1325,1,0,9,0,5,,1319,77,4,,0,95,,1317,1,0,9,0,5,,1325,77,4,,0,95,,1324,1,0,9,0,5,,1317,77,4,,0,95,,1316,1,0,9,0,5,,1324,77,4,,0,95,,1323,1,0,9,0,5,,1316,77,4,,0,95,,1315,1,0,9,0,4,,1323,77,4,,0,96,,1322,1,0,9,0,2,,1315,77,4,,0,98,,1314,1,0,9,0,2,,1322,77,4,,0,98,,1321,1,0,9,0,1,,1314,77,4,,0,99,,1321,77,4,,0,50,,1313,1,0,9,0,59,,1313,77,4,,0,74,,1318,1,0,9,0,98,,1318,77,4,,0,5,,1327,1,0,9,0
5700,'4759',600,,1343,1,,,0,55,,1344,1,,,0,145,,1345,1,,,0,100,,1346,1,,,0,53,,1347,1,,,0,100,,1348,1,,,0,102,,1349,1,,,0,100,,1350,1,,,0,100,,1351,1,,,0,147,,1352,1,,,0,98,,1339,1,,,0,56,,1340,1,,,0,96,,1341,1,,,0,98,,1342,1,,,0,160,,1338,1,,,0,130,,1337,1,,,0
5700,'4970',820,,1362,1,,,0,120,,1359,1,,,0,100,,1353,1,,,0,100,,1361,1,,,0,100,,1354,1,,,0,100,,1355,1,,,0,100,,1356,1,,,0,100,,1360,1,,,0,100,,1357,1,,,0,100,,1358,1,,,0,100,,1363,1,,,0,95,,1364,1,,,0
5700,'5024',820,,1377,1,,,0,120,,1373,1,,,0,100,,1369,1,,,0,100,,1375,1,,,0,100,,1371,1,,,0,100,,1372,1,,,0,100,,1367,1,,,0,100,,1376,1,,,0,100,,1374,1,,,0,100,,1368,1,,,0,100,,1370,1,,,0,170,,1365,1,,,0,130,,1366,1,,,0,100,,1378,1,,,0
5701,'4759',627,,1389,27,4,,0,130,,1390,27,4,,0,93,,1391,27,4,,0,72,,1392,27,4,,0,100,,1393,27,4,,0,100,,1382,27,4,,0,100,,1383,27,4,,0,100,,1384,27,4,,0,101,,1385,27,4,,0,104,,1386,27,4,,0,96,,1387,27,4,,0,99,,1388,27,4,,0,99,,1379,27,4,,0,121,,1380,27,4,,0,170,,1381,27,4,,0
5701,'4970',912,,1403,27,4,,0,100,,1399,27,4,,0,100,,1401,27,4,,0,100,,1394,27,4,,0,98,,1395,27,4,,0,100,,1396,27,4,,0,100,,1402,27,4,,0,100,,1397,27,4,,0,101,,1398,27,4,,0,100,,1400,27,4,,0,94,,1404,27,4,,0,100,,1405,27,4,,0
5701,'5024',911,,1417,27,4,,0,100,,1410,27,4,,0,98,,1416,27,4,,0,100,,1413,27,4,,0,100,,1412,27,4,,0,100,,1407,27,4,,0,100,,1415,27,4,,0,100,,1414,27,4,,0,101,,1411,27,4,,0,102,,1406,27,4,,0,130,,1408,27,4,,0,170,,1409,27,4,,0,100,,1418,27,4,,0
5801,'4759',558,,1433,20,4,,0,72,,1429,1,0,17 18,0,23,,1429,31,4,,0,147,,1430,1,0,17 18,0,29,,1430,31,4,,0,96,,1431,1,0,17 18,0,25,,1431,31,4,,0,75,,1432,1,0,17 18,0,25,,1432,31,4,,0,75,,1422,1,0,17 18,0,27,,1422,31,4,,0,73,,1423,1,0,17 18,0,27,,1423,31,4,,0,73,,1424,1,0,17 18,0,27,,1424,31,4,,0,74,,1425,1,0,17 18,0,31,,1425,31,4,,0,73,,1426,1,0,17 18,0,27,,1426,31,4,,0,69,,1427,1,0,17 18,0,27,,1427,31,4,,0,72,,1428,1,0,17 18,0,25,,1428,31,4,,0,74,,1420,1,0,17 18,0,24,,1420,31,4,,0,97,,1421,1,0,17 18,0,63,,1421,31,4,,0,107,,1419,1,0,17 18,0,23,,1419,31,4,,0
5801,'4970',755,,1444,1,0,17 18,0,62,,1444,31,4,,0,97,,1440,1,0,17 18,0,23,,1440,31,4,,0,77,,1434,1,0,17 18,0,23,,1434,31,4,,0,77,,1442,1,0,17 18,0,23,,1442,31,4,,0,77,,1435,1,0,17 18,0,23,,1435,31,4,,0,75,,1436,1,0,17 18,0,25,,1436,31,4,,0,75,,1437,1,0,17 18,0,25,,1437,31,4,,0,75,,1443,1,0,17 18,0,25,,1443,31,4,,0,75,,1438,1,0,17 18,0,25,,1438,31,4,,0,76,,1439,1,0,17 18,0,24,,1439,31,4,,0,76,,1441,1,0,17 18,0,24,,1441,31,4,,0,73,,1445,1,0,17 18,0,22,,1445,31,4,,0,78,,1446,1,0,17 18,0,22,,1446,31,4,,0
5801,'5024',755,,1459,1,0,17 18,0,62,,1459,31,4,,0,96,,1455,1,0,17 18,0,24,,1455,31,4,,0,76,,1454,1,0,17 18,0,24,,1454,31,4,,0,75,,1458,1,0,17 18,0,25,,1458,31,4,,0,75,,1450,1,0,17 18,0,25,,1450,31,4,,0,75,,1449,1,0,17 18,0,25,,1449,31,4,,0,75,,1453,1,0,17 18,0,25,,1453,31,4,,0,75,,1457,1,0,17 18,0,25,,1457,31,4,,0,75,,1456,1,0,17 18,0,25,,1456,31,4,,0,75,,1452,1,0,17 18,0,25,,1452,31,4,,0,77,,1448,1,0,17 18,0,23,,1448,31,4,,0,107,,1447,1,0,17 18,0,63,,1447,31,4,,0,107,,1451,1,0,17 18,0,23,,1451,31,4,,0,77,,1460,1,0,17 18,0,23,,1460,31,4,,0
5900,'4759',1610,,1461,1,,,0,17,,1461,15,,,0,78,,1462,1,,,0,17,,1462,15,,,0
5901,'4759',639,,1464,8,,,0,15,,1464,22,4,,0,85,,1463,8,,,0,15,,1463,22,4,,0
