51,5100,'4327',962,963,964,965,966,967,968,969,970,971,972,973,974,975,976,977,978,979,980,981,982,983,984,985,986
51,5100,'4332',987,988,989,990,991,992,993,994,995,996,997,998,999,1000,1001,1002,1003,1004,1005,1006,1007,1008,1009,1010,1011,1012,1013,1014,1015,1016,1017,1018,1019,1020,1021,1022,1023,1024,1025,1026
51,5100,'4480',1809,1810,1811,1812,1813,1814,1815,1816,1817,1818,1819,1820,1821,1822,1823,1824,1825,1826,1827,1828,1829,1830,1831,1832,1833,1834,1835,1836,1837,1838,1839,1840,1841,1842,1843,1844,1845,1846,1847,1848,1849,1850,1851,1852,1853,1854,1855,1856,1857,1858,1859,1860,1861,1862,1863,1864,1865
51,5101,'4327',1078,1079,1080,1081,1082,1083,1084,1085,1086,1087,1088,1089,1090,1091,1092,1093,1094,1095,1096,1097,1098,1099,1100,1101,1102
51,5101,'4332',1103,1104,1105,1106,1107,1108,1109,1110,1111,1112,1113,1114,1115,1116,1117,1118,1119,1120,1121,1122,1123,1124,1125,1126,1127,1128,1129,1130,1131,1132,1133,1134,1135,1136,1137,1138,1139,1140,1141,1142
51,5101,'4480',1866,1867,1868,1869,1870,1871,1872,1873,1874,1875,1876,1877,1878,1879,1880,1881,1882,1883,1884,1885,1886,1887,1888,1889,1890,1891,1892,1893,1894,1895,1896,1897,1898,1899,1900,1901,1902,1903,1904,1905,1906,1907,1908,1909,1910,1911,1912,1913,1914,1915,1916
52,5200,'4327',1160,1161,1162,1163,1164,1165,1166,1167,1168,1169,1170,1171,1172,1173
52,5200,'4332',1174,1175,1176,1177,1178,1179,1180,1181,1182,1183,1184,1185,1186,1187,1188
52,5200,'4480',1917,1918,1919,1920,1921,1922,1923,1924,1925,1926,1927,1928,1929,1930,1931,1932,1933
52,5201,'4327',1205,1206,1207,1208,1209,1210,1211,1212,1213,1214,1215,1216,1217
52,5201,'4332',1218,1219,1220,1221,1222,1223,1224,1225,1226,1227,1228,1229,1230,1231,1232,1233
52,5201,'4480',1934,1935,1936,1937,1938,1939,1940,1941,1942,1943,1944,1945,1946,1947,1948,1949
53,5301,'4327',1255,1256,1257,1258,1259,1260,1261,1262,1263,1264,1265,1266,1267
53,5301,'4332',1268,1269,1270,1271,1272,1273,1274,1275,1276,1277,1278,1279,1280,1281,1282
53,5301,'4480',1950,1951,1952,1953,1954,1955,1956,1957,1958,1959,1960,1961,1962,1963,1964,1965,1966,1967,1968,1969,1970
54,5401,'4327',1300,1301,1302,1303,1304,1305,1306,1307,1308,1309,1310,1311,1312
54,5401,'4332',1313,1314,1315,1316,1317,1318,1319,1320,1321,1322,1323,1324,1325,1326,1327,1328,1329
54,5401,'4480',1971,1972,1973,1974,1975,1976,1977,1978,1979,1980,1981,1982,1983,1984,1985,1986,1987
55,5501,'4332',1334,1335,1336
55,5501,'4480',1988,1989,1990,1991
57,5700,'4327',1353,1354,1355,1356,1357,1358,1359,1360,1361,1362,1363,1364
57,5700,'4332',1365,1366,1367,1368,1369,1370,1371,1372,1373,1374,1375,1376,1377,1378
57,5700,'4480',1992,1993,1994,1995,1996,1997,1998,1999,2000,2001,2002,2003,2004,2005,2006,2007
57,5701,'4327',1394,1395,1396,1397,1398,1399,1400,1401,1402,1403,1404,1405
57,5701,'4332',1406,1407,1408,1409,1410,1411,1412,1413,1414,1415,1416,1417,1418
57,5701,'4480',2008,2009,2010,2011,2012,2013,2014,2015,2016,2017,2018,2019,2020,2021,2022
58,5801,'4327',1434,1435,1436,1437,1438,1439,1440,1441,1442,1443,1444,1445,1446
58,5801,'4332',1447,1448,1449,1450,1451,1452,1453,1454,1455,1456,1457,1458,1459,1460
58,5801,'4480',2023,2024,2025,2026,2027,2028,2029,2030,2031,2032,2033,2034,2035,2036,2037
59,5900,'4480',2038,2039
59,5901,'4480',2040,2041
66,6600,'4327',2042,2043,2044,2045,2046,2047,1506,2048,1508,1509,2049,2050,1512,1513,2051,1515,2052,2053,2054,2055,2056,1521,2057
66,6600,'4332',1523,2058,2059,2060,2061,1528,1529,1530,2062,2063,2064,2065,2066,2067,2068,1538,1539,1540,2069,2070,2071,1544,2072,2073
66,6600,'4480',2074,2075,2076,2077,2078,2079,2080,2081,2082,2083,2084,2085,2086,2087,2088,2089,2090,2091,2092,2093,2094,2095,2096,2097,2098,2099,2100,2101,2102,2103,2104,2105,2106,2107,2108
66,6601,'4327',1582,2109,2110,2111,2112,2113,2114,2115,1590,1591,2116,2117,1594,1595,2118,1597,2119,2120,2121,2122,1602,2123,2124
66,6601,'4332',1605,2125,2126,2127,1609,1610,2128,2129,1613,2130,2131,2132,2133,2134,2135,1620,1621,1622,2136,2137,2138,1626,2139,2140
66,6601,'4480',2141,2142,2143,2144,2145,2146,2147,2148,2149,2150,2151,2152,2153,2154,2155,2156,2157,2158,2159,2160,2161,2162,2163,2164,2165,2166,2167,2168,2169,2170,2171,2172,2173,2174,2175
71,7100,'4332',1642,1643,1644,1645,1646,1647,1648,1649,1650
71,7100,'4480',2176,2177,2178,2179,2180,2181,2182,2183,2184,2185,2186
71,7100,'4663',2187,2188
71,7101,'4332',1664,1665,1666,1667,1668,1669,1670,1671,1672
71,7101,'4480',2189,2190,2191,2192,2193,2194,2195,2196,2197,2198,2199
71,7101,'4663',2200,2201
72,7200,'4332',1677,1678,1679,1680
72,7200,'4480',2202,2203,2204,2205
72,7201,'4332',1685,1686,1687,1688
72,7201,'4480',2206,2207,2208,2209
10007,1000700,'4327',1699,1700,1701,1702,1703,1704,1705
10007,1000700,'4332',1706,1707,1708,1709,1710,1711,1712,1713
10007,1000700,'4480',1689,1690,1691,1692,1693,1694,1695,1696,1697,1698
10021,1002100,'4480',1714,1715
10021,1002101,'4480',1716
10031,1003100,'4327',1737,1738,1739,1740,1741,1742,1743,1744,1745,1746,1747,1748
10031,1003100,'4332',1749,1750,1751,1752,1753,1754,1755,1756,1757,1758,1759,1760,1761,1762
10031,1003100,'4480',1717,1718,1719,1720,1721,1722,1723,1724,1725,1726,1727,1728,1729,1730,1731,1732,1733,1734,1735,1736
10031,1003101,'4327',1782,1783,1784,1785,1786,1787,1788,1789,1790,1791,1792
10031,1003101,'4332',1793,1794,1795,1796,1797,1798,1799,1800,1801,1802,1803,1804
10031,1003101,'4480',1763,1764,1765,1766,1767,1768,1769,1770,1771,1772,1773,1774,1775,1776,1777,1778,1779,1780,1781
240031,24003100,'4480',1805,1806,1807,1808
