'2920',5400,81500,,'',0,10900,,'',0,10000,,'',0,10000,,'',0,10000,,'',0,10000,,'',0,10000,,'',0,10000,,'',0,10000,,'',0,9900,,'',0,9600,,'',0,10000,,'',0,9900,,'',0,9400,0,'Vedder Only',0,14000,0,'Vedder Only',0
'2920',5401,92400,4,'',0,10000,4,'',0,10000,4,'',0,10000,4,'',0,10000,4,'',0,10000,4,'',0,10000,4,'',0,10000,4,'',0,9900,4,'',0,9600,4,'',0,10000,4,'',0,9900,4,'',0,9400,4,'',0,14000,4,'',0
'2927',5400,52500,,'',0,10200,,'',0,10800,,'',0,11000,,'',0,10400,,'',0,10000,,'',0,10500,,'',0,10500,,'',0,14600,,'',0,10400,,'',0,10300,,'',0,10500,,'',0,9700,,'',0,10500,,'',0,9500,,'',0,9800,0,'Vedder Only',0,14000,,'',0
'2927',5401,62700,4,'',0,10800,4,'',0,11000,4,'',0,10400,4,'',0,10000,4,'',0,10500,4,'',0,10500,4,'',0,14600,4,'',0,10400,4,'',0,10300,4,'',0,10500,4,'',0,9700,4,'',0,10500,4,'',0,9500,4,'',0,9800,4,'',0,14000,4,'',0
'2928',5400,81500,,'',0,10900,,'',0,10000,,'',0,10000,,'',0,10000,,'',0,10000,,'',0,10000,,'',0,10000,,'',0,10000,,'',0,9900,,'',0,9600,,'',0,10000,,'',0,9900,,'',0,9400,0,'Vedder Only',0,14000,0,'Vedder Only',0
'2928',5401,92400,4,'',0,10000,4,'',0,10000,4,'',0,10000,4,'',0,10000,4,'',0,10000,4,'',0,10000,4,'',0,10000,4,'',0,9900,4,'',0,9600,4,'',0,10000,4,'',0,9900,4,'',0,9400,4,'',0,14000,4,'',0
'3217',5400,90000,,'',0,5900,,'',0,14500,,'',0,10500,,'',0,10500,,'',0,10500,,'',0,10500,,'',0,10500,,'',0,10000,,'',0,9500,,'',0
'3217',5401,95900,4,'',0,14500,4,'',0,10500,4,'',0,10500,4,'',0,10500,4,'',0,10500,4,'',0,10500,4,'',0,10000,4,'',0,9500,4,'',0
'3218',5400,52500,,'',0,10200,,'',0,10800,,'',0,11000,,'',0,10400,,'',0,10000,,'',0,10500,,'',0,10500,,'',0,14600,,'',0,10400,,'',0,10300,,'',0,10500,,'',0,9700,,'',0,10500,,'',0,9500,,'',0,9800,0,'Vedder Only',0,14000,,'',0
'3218',5401,62700,4,'',0,10800,4,'',0,11000,4,'',0,10400,4,'',0,10000,4,'',0,10500,4,'',0,10500,4,'',0,14600,4,'',0,10400,4,'',0,10300,4,'',0,10500,4,'',0,9700,4,'',0,10500,4,'',0,9500,4,'',0,9800,4,'',0,14000,4,'',0
'3220',5400,90000,,'',0,5900,,'',0,14500,,'',0,10500,,'',0,10500,,'',0,10500,,'',0,10500,,'',0,10500,,'',0,10000,,'',0,9500,,'',0
'3220',5401,95900,4,'',0,14500,4,'',0,10500,4,'',0,10500,4,'',0,10500,4,'',0,10500,4,'',0,10500,4,'',0,10000,4,'',0,9500,4,'',0
