5401,'4944',805,,424,0,9,0,102,,416,0,9,0,100,,422,0,9,0,101,,415,0,9,0,100,,421,0,9,0,100,,413,0,9,0,100,,420,0,9,0,100,,412,0,9,0,100,,419,0,9,0,100,,411,0,9,0,100,,418,0,9,0,99,,410,0,9,0,100,,417,0,9,0,110,,409,0,9,0,133,,414,0,9,0,102,,423,0,9,0
5401,'4946',905,,389,0,9,0,101,,387,0,9,0,100,,380,0,9,0,101,,381,0,9,0,100,,382,0,9,0,100,,383,0,9,0,100,,385,0,9,0,100,,379,0,9,0,100,,384,0,9,0,100,,386,0,9,0,109,,390,0,9,0,100,,391,0,9,0
5401,'4955',619,,1285,0,9,0,105,,1286,0,9,0,98,,1287,0,9,0,114,,1288,0,9,0,106,,1289,0,9,0,110,,1290,0,9,0,101,,1284,0,9,0,105,,1291,0,9,0,146,,1292,0,9,0,104,,1293,0,9,0,100,,1294,0,9,0,104,,1295,0,9,0,95,,1296,0,9,0,108,,1297,0,9,0,103,,1298,0,9,0,130,,1299,0,9,0
5401,'4957',805,,1315,0,9,0,102,,1307,0,9,0,100,,1313,0,9,0,101,,1306,0,9,0,100,,1312,0,9,0,100,,1304,0,9,0,100,,1311,0,9,0,100,,1303,0,9,0,100,,1310,0,9,0,100,,1302,0,9,0,100,,1309,0,9,0,99,,1301,0,9,0,100,,1308,0,9,0,110,,1300,0,9,0,133,,1305,0,9,0,102,,1314,0,9,0
5401,'4958',905,,1327,0,9,0,101,,1325,0,9,0,100,,1318,0,9,0,101,,1319,0,9,0,100,,1320,0,9,0,100,,1321,0,9,0,100,,1323,0,9,0,100,,1317,0,9,0,100,,1322,0,9,0,100,,1324,0,9,0,109,,1328,0,9,0,100,,1329,0,9,0
5801,'4944',801,,555,0,17 18,0,119,,551,0,17 18,0,100,,550,0,17 18,0,100,,554,0,17 18,0,100,,546,0,17 18,0,100,,545,0,17 18,0,100,,549,0,17 18,0,100,,553,0,17 18,0,100,,552,0,17 18,0,100,,548,0,17 18,0,101,,544,0,17 18,0,130,,543,0,17 18,0,170,,547,0,17 18,0,100,,556,0,17 18,0
5801,'4946',802,,525,0,17 18,0,119,,521,0,17 18,0,100,,515,0,17 18,0,100,,523,0,17 18,0,100,,516,0,17 18,0,99,,517,0,17 18,0,100,,518,0,17 18,0,100,,524,0,17 18,0,100,,519,0,17 18,0,101,,520,0,17 18,0,100,,522,0,17 18,0,96,,526,0,17 18,0,100,,527,0,17 18,0
5801,'4955',637,,1429,0,17 18,0,172,,1430,0,17 18,0,123,,1431,0,17 18,0,100,,1432,0,17 18,0,101,,1422,0,17 18,0,100,,1423,0,17 18,0,100,,1424,0,17 18,0,102,,1425,0,17 18,0,104,,1426,0,17 18,0,96,,1427,0,17 18,0,98,,1428,0,17 18,0,99,,1420,0,17 18,0,120,,1421,0,17 18,0,170,,1419,0,17 18,0
5801,'4957',801,,1446,0,17 18,0,119,,1442,0,17 18,0,100,,1441,0,17 18,0,100,,1445,0,17 18,0,100,,1437,0,17 18,0,100,,1436,0,17 18,0,100,,1440,0,17 18,0,100,,1444,0,17 18,0,100,,1443,0,17 18,0,100,,1439,0,17 18,0,101,,1435,0,17 18,0,130,,1434,0,17 18,0,170,,1438,0,17 18,0,100,,1447,0,17 18,0
5801,'4958',802,,1458,0,17 18,0,119,,1454,0,17 18,0,100,,1448,0,17 18,0,100,,1456,0,17 18,0,100,,1449,0,17 18,0,99,,1450,0,17 18,0,100,,1451,0,17 18,0,100,,1457,0,17 18,0,100,,1452,0,17 18,0,101,,1453,0,17 18,0,100,,1455,0,17 18,0,96,,1459,0,17 18,0,100,,1460,0,17 18,0
