5201,'4944',736,,328,,,0,98,,321,,,0,100,,327,,,0,98,,320,,,0,99,,324,,,0,99,,318,,,0,100,,325,,,0,100,,317,,,0,101,,326,,,0,101,,316,,,0,100,,323,,,0,102,,315,,,0,100,,322,,,0,110,,319,,,0,171,,314,,,0,135,,329,,,0
5201,'4946',836,,295,,,0,99,,293,,,0,99,,286,,,0,99,,285,,,0,100,,288,,,0,100,,289,,,0,100,,287,,,0,100,,290,,,0,101,,291,,,0,101,,292,,,0,110,,294,,,0,100,,296,,,0,90,,297,,,0
5201,'4955',652,,1195,,,0,96,,1196,,,0,155,,1197,,,0,104,,1198,,,0,109,,1199,,,0,99,,1200,,,0,105,,1201,,,0,100,,1202,,,0,108,,1203,,,0,101,,1204,,,0,108,,1190,,,0,96,,1191,,,0,109,,1192,,,0,103,,1193,,,0,170,,1194,,,0,135,,1189,,,0
5201,'4957',736,,1219,,,0,98,,1212,,,0,100,,1218,,,0,98,,1211,,,0,99,,1215,,,0,99,,1209,,,0,100,,1216,,,0,100,,1208,,,0,101,,1217,,,0,101,,1207,,,0,100,,1214,,,0,102,,1206,,,0,100,,1213,,,0,110,,1210,,,0,171,,1205,,,0,135,,1220,,,0
5201,'4958',836,,1231,,,0,99,,1229,,,0,99,,1222,,,0,99,,1221,,,0,100,,1224,,,0,100,,1225,,,0,100,,1223,,,0,100,,1226,,,0,101,,1227,,,0,101,,1228,,,0,110,,1230,,,0,100,,1232,,,0,90,,1233,,,0
5701,'4944',851,,513,,,0,100,,506,,,0,97,,512,,,0,99,,509,,,0,100,,508,,,0,100,,503,,,0,100,,511,,,0,100,,510,,,0,101,,507,,,0,104,,502,,,0,170,,504,,,0,130,,505,,,0,100,,514,,,0
5701,'4946',852,,484,,,0,100,,480,,,0,99,,482,,,0,100,,475,,,0,97,,476,,,0,100,,477,,,0,100,,483,,,0,100,,478,,,0,102,,479,,,0,101,,481,,,0,94,,485,,,0,100,,486,,,0
5701,'4955',608,,1389,,,0,128,,1390,,,0,92,,1391,,,0,73,,1392,,,0,100,,1393,,,0,99,,1382,,,0,100,,1383,,,0,100,,1384,,,0,100,,1385,,,0,103,,1386,,,0,97,,1387,,,0,100,,1388,,,0,100,,1379,,,0,122,,1380,,,0,130,,1381,,,0
5701,'4957',851,,1405,,,0,100,,1398,,,0,97,,1404,,,0,99,,1401,,,0,100,,1400,,,0,100,,1395,,,0,100,,1403,,,0,100,,1402,,,0,101,,1399,,,0,104,,1394,,,0,170,,1396,,,0,130,,1397,,,0,100,,1406,,,0
5701,'4958',852,,1416,,,0,100,,1412,,,0,99,,1414,,,0,100,,1407,,,0,97,,1408,,,0,100,,1409,,,0,100,,1415,,,0,100,,1410,,,0,102,,1411,,,0,101,,1413,,,0,94,,1417,,,0,100,,1418,,,0
