5201,'4327',846,,1215,14,,,0,100,,1213,14,,,0,99,,1206,14,,,0,100,,1205,14,,,0,100,,1208,14,,,0,100,,1209,14,,,0,100,,1207,14,,,0,100,,1210,14,,,0,100,,1211,14,,,0,101,,1212,14,,,0,110,,1214,14,,,0,99,,1216,14,,,0,90,,1217,14,,,0
5201,'4332',746,,1232,14,,,0,99,,1225,14,,,0,100,,1231,14,,,0,100,,1224,14,,,0,99,,1228,14,,,0,100,,1222,14,,,0,100,,1229,14,,,0,100,,1221,14,,,0,100,,1230,14,,,0,100,,1220,14,,,0,100,,1227,14,,,0,101,,1219,14,,,0,100,,1226,14,,,0,110,,1223,14,,,0,170,,1218,14,,,0,134,,1233,14,,,0
5201,'4480',702,,1940,14,,,0,57,,1941,14,,,0,155,,1942,14,,,0,105,,1943,14,,,0,110,,1944,14,,,0,99,,1945,14,,,0,105,,1946,14,,,0,100,,1947,14,,,0,109,,1948,14,,,0,101,,1949,14,,,0,106,,1935,14,,,0,95,,1936,14,,,0,109,,1937,14,,,0,102,,1938,14,,,0,170,,1939,14,,,0,133,,1934,14,,,0
5401,'4327',846,,1309,44,,,0,98,,1310,73,,,0,103,,1308,73,,,0,103,,1301,73,,,0,101,,1302,73,,,0,100,,1303,73,,,0,100,,1304,73,,,0,97,,1306,73,,,0,99,,1300,73,,,0,100,,1305,73,,,0,99,,1307,73,,,0,109,,1311,73,,,0,100,,1312,73,,,0
5401,'4332',747,,1329,44,,,0,99,,1328,73,,,0,103,,1320,73,,,0,101,,1326,73,,,0,102,,1319,73,,,0,100,,1325,73,,,0,100,,1317,73,,,0,100,,1324,73,,,0,100,,1316,73,,,0,99,,1323,73,,,0,98,,1315,73,,,0,100,,1322,73,,,0,99,,1314,73,,,0,99,,1321,73,,,0,110,,1313,73,,,0,172,,1318,73,,,0
5401,'4480',559,,1971,44,,,0,100,,1973,73,,,0,161,,1974,73,,,0,87,,1975,73,,,0,112,,1976,73,,,0,106,,1977,73,,,0,111,,1978,73,,,0,101,,1972,73,,,0,113,,1979,73,,,0,106,,1980,73,,,0,99,,1981,73,,,0,97,,1982,73,,,0,103,,1983,73,,,0,94,,1984,73,,,0,108,,1985,73,,,0,99,,1986,73,,,0,169,,1987,73,,,0
5801,'4327',815,,1444,27,,,0,120,,1440,27,,,0,100,,1434,27,,,0,100,,1442,27,,,0,100,,1435,27,,,0,100,,1436,27,,,0,100,,1437,27,,,0,100,,1443,27,,,0,100,,1438,27,,,0,100,,1439,27,,,0,100,,1441,27,,,0,95,,1445,27,,,0,100,,1446,27,,,0
5801,'4332',815,,1459,27,,,0,120,,1455,27,,,0,100,,1454,27,,,0,100,,1458,27,,,0,100,,1450,27,,,0,100,,1449,27,,,0,100,,1453,27,,,0,100,,1457,27,,,0,100,,1456,27,,,0,100,,1452,27,,,0,100,,1448,27,,,0,170,,1447,27,,,0,130,,1451,27,,,0,100,,1460,27,,,0
5801,'4480',556,,2037,16,,,0,95,,2033,27,,,0,176,,2034,27,,,0,121,,2035,27,,,0,100,,2036,27,,,0,101,,2026,27,,,0,100,,2027,27,,,0,100,,2028,27,,,0,105,,2029,27,,,0,101,,2030,27,,,0,96,,2031,27,,,0,97,,2032,27,,,0,98,,2024,27,,,0,160,,2025,27,,,0,130,,2023,27,,,0
5900,'4480',1624,,2038,11,,,0,95,,2039,11,,,0
5901,'4480',652,,2041,18,,,0,100,,2040,18,,,0
