5100,108263,1,0
5100,108091,2,0
5100,108092,3,0
5100,108093,4,0
5100,108094,5,0
5100,124089,6,0
5100,108096,7,0
5100,108247,8,0
5100,108097,9,0
5100,108098,10,0
5100,108099,11,0
5100,108100,12,0
5100,108101,13,0
5100,108102,14,0
5100,124000,15,0
5100,108104,16,0
5100,108105,17,0
5100,108106,18,0
5100,108107,19,0
5100,108108,20,0
5100,124006,21,0
5100,108110,22,0
5100,124096,23,0
5100,108134,24,0
5100,108135,25,0
5100,108136,26,0
5100,108137,27,0
5100,124097,28,0
5100,124101,29,0
5100,124007,30,0
5100,108280,31,0
5100,124069,32,0
5100,108299,33,0
5100,108298,34,0
5100,108143,35,0
5100,108144,36,0
5100,108145,37,0
5100,108146,38,0
5100,108071,39,0
5100,108302,40,0
5100,108301,41,0
5100,108300,42,0
5100,124098,43,1
5101,124098,1,0
5101,108073,2,0
5101,124017,3,0
5101,108074,4,0
5101,124030,5,0
5101,108076,6,0
5101,108077,7,0
5101,108078,8,0
5101,108079,9,0
5101,108080,10,0
5101,108081,11,0
5101,124009,12,0
5101,108082,13,0
5101,108083,14,0
5101,124088,15,0
5101,108085,16,0
5101,108086,17,0
5101,124015,18,0
5101,124073,19,0
5101,108268,20,0
5101,108263,21,1
5200,108113,1,0
5200,124100,2,0
5200,108118,3,0
5200,108119,4,0
5200,108120,5,0
5200,108121,6,0
5200,108122,7,0
5200,108123,8,0
5200,108124,9,0
5200,108125,10,0
5200,108126,11,0
5200,108127,12,0
5200,108128,13,0
5200,108129,14,0
5200,108130,15,0
5200,108131,16,0
5200,108132,17,0
5200,124095,18,1
5200,124097,19,1
5201,124096,1,0
5201,124074,2,0
5201,108147,3,0
5201,108148,4,0
5201,108149,5,0
5201,108150,6,0
5201,108151,7,0
5201,108152,8,0
5201,108153,9,0
5201,108154,10,0
5201,124067,11,0
5201,108156,12,0
5201,108157,13,0
5201,124099,14,0
5201,108159,15,0
5201,108161,16,0
5201,108114,17,0
5201,108113,18,1
5301,124096,1,0
5301,108134,2,0
5301,108135,3,0
5301,108136,4,0
5301,108137,5,0
5301,124097,6,0
5301,124101,7,0
5301,124007,8,0
5301,108280,9,0
5301,124069,10,0
5301,108299,11,0
5301,108173,12,0
5301,108174,13,0
5301,108175,14,0
5301,108176,15,0
5301,108177,16,0
5301,108178,17,0
5301,108179,18,0
5301,108180,19,0
5301,108244,20,0
5301,108245,21,0
5301,108246,22,0
5301,108181,23,0
5301,108182,24,0
5301,108183,25,0
5301,108132,26,0
5301,124095,27,1
5401,108113,1,0
5401,124100,2,0
5401,108118,3,0
5401,108119,4,0
5401,108214,5,0
5401,108215,6,0
5401,108216,7,0
5401,108217,8,0
5401,108218,9,0
5401,108219,10,0
5401,108220,11,0
5401,108221,12,0
5401,108222,13,0
5401,108223,14,0
5401,124005,15,0
5401,108226,16,0
5401,108227,17,0
5401,108228,18,0
5401,124004,19,0
5401,108230,20,0
5401,108231,21,0
5401,124107,22,0
5401,124104,23,0
5401,108232,24,0
5401,108233,25,0
5401,124084,26,0
5401,108235,27,0
5401,124091,28,0
5401,108237,29,0
5401,108238,30,0
5401,124054,31,0
5401,124055,32,0
5401,124056,33,0
5401,124057,34,0
5401,124058,35,0
5401,124059,36,0
5401,124060,37,0
5401,124061,38,0
5401,124062,39,0
5401,124063,40,0
5401,124013,41,0
5401,124012,42,0
5401,124071,43,0
5401,124070,44,0
5401,108187,45,0
5401,108188,46,0
5401,108189,47,0
5401,124090,48,0
5401,108191,49,0
5401,108192,50,0
5401,108193,51,0
5401,108194,52,0
5401,108195,53,0
5401,108196,54,0
5401,124108,55,0
5401,124109,56,0
5401,108197,57,0
5401,108198,58,0
5401,108199,59,0
5401,108200,60,0
5401,108201,61,0
5401,108202,62,0
5401,108203,63,0
5401,108204,64,0
5401,108205,65,0
5401,108206,66,0
5401,108207,67,0
5401,124080,68,0
5401,108208,69,0
5401,108209,70,0
5401,108210,71,0
5401,108211,72,0
5401,108212,73,0
5401,108213,74,0
5401,108275,75,0
5401,124099,76,0
5401,108159,77,0
5401,108161,78,0
5401,108114,79,0
5501,108083,1,0
5501,124088,2,0
5501,108085,3,0
5501,108086,4,0
5501,124015,5,0
5501,124073,6,0
5501,108268,7,0
5501,108263,8,0
5501,124072,9,0
5501,124075,10,0
5501,124077,11,0
5501,108242,12,0
5501,124076,13,0
5501,124078,14,0
5501,108243,15,0
5501,124032,16,0
5501,108197,17,0
5501,108198,18,0
5700,108113,1,0
5700,108277,2,0
5700,108314,3,0
5700,108313,4,0
5700,108310,5,0
5700,108309,6,0
5700,108169,7,0
5700,108170,8,0
5700,108171,9,0
5700,108285,10,0
5700,108139,11,0
5700,108140,12,0
5700,108141,13,0
5700,108142,14,0
5700,108304,15,0
5700,108296,16,0
5700,108295,17,0
5700,108293,18,0
5700,108291,19,0
5700,108288,20,0
5700,108286,21,0
5700,108303,22,0
5700,108302,23,0
5700,108301,24,0
5700,108300,25,0
5700,124082,26,1
5700,124094,27,1
5701,124096,1,0
5701,108134,2,0
5701,108135,3,0
5701,108136,4,0
5701,108137,5,0
5701,108138,6,0
5701,108287,7,0
5701,108289,8,0
5701,108290,9,0
5701,108292,10,0
5701,108294,11,0
5701,108297,12,0
5701,108298,13,0
5701,108281,14,0
5701,108282,15,0
5701,108283,16,0
5701,108284,17,0
5701,108305,18,0
5701,108306,19,0
5701,108307,20,0
5701,108308,21,0
5701,108311,22,0
5701,108312,23,0
5701,124041,24,0
5701,108315,25,0
5701,108276,26,0
5701,108113,27,1
5801,108113,1,0
5801,124100,2,0
5801,108118,3,0
5801,108119,4,0
5801,108274,5,0
5801,124103,6,0
5801,124105,7,0
5801,124107,8,0
5801,124104,9,0
5801,124102,10,0
5801,108272,11,0
5801,108231,12,0
5801,108269,13,0
5801,108264,14,0
5801,108265,15,0
5801,124033,16,0
5801,124034,17,0
5801,124035,18,0
5801,124036,19,0
5801,108266,20,0
5801,124016,21,0
5801,108267,22,0
5801,108271,23,0
5801,108195,24,0
5801,108196,25,0
5801,108273,26,0
5801,124108,27,0
5801,124109,28,0
5801,124106,29,0
5801,124008,30,0
5801,108275,31,0
5801,124099,32,0
5801,108159,33,0
5801,108161,34,0
5801,108114,35,0
5900,108113,1,0
5900,124042,2,0
5900,124043,3,0
5900,120005,4,0
5900,124044,5,0
5900,124045,6,0
5900,124046,7,0
5900,124047,8,0
5900,124048,9,0
5900,124049,10,0
5900,124099,11,0
5900,108159,12,0
5900,108161,13,0
5900,108114,14,0
5900,108277,15,0
5900,108314,16,0
5900,124050,17,0
5900,124051,18,0
5900,124052,19,0
5900,124053,20,0
5900,124082,21,1
5900,124094,22,1
5901,124095,1,0
5901,124038,2,0
5901,124039,3,0
5901,124040,4,0
5901,124041,5,0
5901,108315,6,0
5901,108276,7,0
5901,108113,8,0
5901,124042,9,0
5901,124043,10,0
5901,120005,11,0
5901,124044,12,0
5901,124045,13,0
5901,124046,14,0
5901,124047,15,0
5901,124048,16,0
5901,124049,17,0
5901,124099,18,0
5901,108159,19,0
5901,108161,20,0
5901,108114,21,0
6600,120053,1,0
6600,120000,2,0
6600,120002,3,0
6600,120003,4,0
6600,120005,5,0
6600,124049,6,0
6600,124000,7,0
6600,124094,8,1
6601,124095,1,0
6601,108078,2,0
6601,124092,3,0
6601,120004,4,0
6601,120003,5,0
6601,120002,6,0
6601,120054,7,1
6601,120053,8,1
7100,124095,1,0
7100,108134,2,0
7100,108135,3,0
7100,108136,4,0
7100,108137,5,0
7100,124101,6,0
7100,124007,7,0
7100,124085,8,0
7100,124065,9,0
7100,108304,10,0
7100,108296,11,0
7100,108250,12,0
7100,132027,13,0
7100,124001,14,0
7100,126007,15,0
7100,132000,16,0
7100,132019,17,0
7100,126005,18,0
7100,126004,19,0
7100,126003,20,0
7100,126002,21,0
7100,126013,22,0
7100,126000,23,0
7100,132001,24,0
7100,132002,25,0
7100,132003,26,0
7100,126009,27,0
7100,126010,28,0
7100,126011,29,0
7100,132005,30,0
7100,132006,31,1
7101,132006,1,0
7101,132007,2,0
7101,132008,3,0
7101,132024,4,0
7101,132023,5,0
7101,132009,6,0
7101,132004,7,0
7101,132010,8,0
7101,132011,9,0
7101,132012,10,0
7101,132013,11,0
7101,132014,12,0
7101,132016,13,0
7101,132017,14,0
7101,132018,15,0
7101,126006,16,0
7101,132020,17,0
7101,132021,18,0
7101,126008,19,0
7101,126015,20,0
7101,124002,21,0
7101,132026,22,0
7101,108251,23,0
7101,108297,24,0
7101,108298,25,0
7101,108143,26,0
7101,108144,27,0
7101,108145,28,0
7101,108146,29,0
7101,108071,30,0
7101,108302,31,0
7101,108301,32,0
7101,108300,33,0
7101,124098,34,0
7101,124095,35,1
7200,132002,1,0
7200,126012,2,0
7200,120051,3,0
7200,124064,4,0
7200,124020,5,1
7201,124020,1,0
7201,124021,2,0
7201,124022,3,0
7201,124023,4,0
7201,124024,5,0
7201,124025,6,0
7201,124026,7,0
7201,124066,8,0
7201,124029,9,0
7201,124064,10,0
7201,120052,11,0
7201,124019,12,0
7201,132001,13,0
7201,132002,14,1
7201,132011,15,0
7201,132012,16,1
1000700,108262,1,0
1000700,107021,2,0
1000700,107022,3,0
1000700,107199,4,0
1000700,107192,5,0
1000700,107193,6,0
1000700,107194,7,0
1000700,107079,8,0
1000700,120090,9,0
1000700,107318,10,0
1000700,107319,11,0
1000700,107320,12,0
1000700,107136,13,0
1000700,107137,14,0
1000700,107321,15,0
1000700,107322,16,0
1000700,120070,17,0
1000700,107324,18,0
1000700,107325,19,0
1000700,107326,20,0
1000700,107327,21,0
1000700,107328,22,0
1000700,107329,23,0
1000700,107330,24,0
1000700,107331,25,0
1000700,107332,26,0
1000700,107333,27,0
1000700,107334,28,0
1000700,107335,29,0
1000700,107336,30,0
1000700,107337,31,0
1000700,107338,32,0
1000700,107339,33,0
1000700,107340,34,0
1000700,107341,35,0
1000700,107342,36,0
1000700,107343,37,0
1000700,107344,38,0
1000700,107345,39,0
1000700,107346,40,0
1000700,107347,41,0
1000700,107348,42,0
1000700,107349,43,0
1000700,107350,44,0
1000700,107351,45,0
1000700,107352,46,0
1000700,107353,47,0
1000700,107354,48,0
1000700,107355,49,0
1000700,107356,50,0
1000700,107357,51,0
1000700,107149,52,0
1000700,107150,53,0
1000700,120022,54,0
1000700,107393,55,0
1000700,107392,56,0
1000700,120085,57,0
1000700,107200,58,0
1000700,107201,59,0
1000700,107202,60,0
1000700,107203,61,0
1000700,107191,62,0
1000700,107085,63,0
1000700,107499,64,1
1002100,107745,1,0
1002100,107747,2,0
1002100,107740,3,0
1002100,107438,4,0
1002100,107440,5,0
1002100,107441,6,0
1002100,107442,7,0
1002100,107443,8,0
1002100,107444,9,0
1002100,107445,10,0
1002100,107446,11,0
1002100,107447,12,0
1002100,107448,13,0
1002100,107449,14,0
1002100,107451,15,0
1002100,107452,16,0
1002100,107453,17,0
1002100,107454,18,0
1002100,107455,19,0
1002100,107456,20,0
1002100,107414,21,0
1002100,107415,22,0
1002100,107425,23,0
1002100,107426,24,0
1002100,107276,25,0
1002100,107175,26,0
1002100,107176,27,0
1002100,107177,28,0
1002100,107012,29,0
1002100,107013,30,0
1002100,107014,31,0
1002100,107015,32,0
1002100,107016,33,0
1002100,107017,34,0
1002100,107018,35,0
1002100,107019,36,0
1002100,107020,37,1
1002101,107499,1,0
1002101,107087,2,0
1002101,107088,3,0
1002101,107089,4,0
1002101,107090,5,0
1002101,107091,6,0
1002101,107408,7,0
1002101,107273,8,0
1002101,107274,9,0
1002101,107275,10,0
1002101,107409,11,0
1002101,107410,12,0
1002101,107427,13,0
1002101,107498,14,0
1002101,107457,15,0
1002101,107458,16,0
1002101,107451,17,0
1002101,107452,18,0
1002101,107453,19,0
1002101,107454,20,0
1002101,107429,21,0
1002101,107430,22,0
1002101,107431,23,0
1002101,107432,24,0
1002101,107433,25,0
1002101,107434,26,0
1002101,107435,27,0
1002101,107436,28,0
1002101,107437,29,0
1002101,107740,30,0
1002101,107742,31,0
1002101,107744,32,0
1002101,107745,33,1
1003100,107501,1,0
1003100,107122,2,0
1003100,107123,3,0
1003100,107124,4,0
1003100,107125,5,0
1003100,107126,6,0
1003100,107127,7,0
1003100,107128,8,0
1003100,107129,9,0
1003100,107215,10,0
1003100,107485,11,0
1003100,107486,12,0
1003100,107490,13,0
1003100,107491,14,0
1003100,120096,15,0
1003100,107492,16,0
1003100,107754,17,0
1003100,107755,18,0
1003100,120092,19,1
1003101,107756,1,0
1003101,107751,2,0
1003101,120095,3,0
1003101,107752,4,0
1003101,120007,5,0
1003101,107754,6,0
1003101,107487,7,0
1003101,107488,8,0
1003101,107489,9,0
1003101,120014,10,0
1003101,107256,11,0
1003101,107255,12,0
1003101,107254,13,0
1003101,107159,14,0
1003101,107160,15,0
1003101,107161,16,0
1003101,107162,17,0
1003101,107163,18,0
1003101,107164,19,0
1003101,107165,20,0
1003101,107166,21,0
1003101,107020,22,1
24003100,107501,1,0
24003100,107122,2,0
24003100,107123,3,0
24003100,107124,4,0
24003100,107125,5,0
24003100,107126,6,0
24003100,107127,7,0
24003100,107128,8,0
24003100,107129,9,0
24003100,107215,10,0
24003100,107485,11,0
24003100,107486,12,0
24003100,120013,13,0
24003100,107755,14,0
24003100,120092,15,1
