'4464',5100,83400,0,'Menzies',0,10100,0,'Menzies',0,7500,0,'Menzies',0,3100,0,'Menzies',0,7500,0,'Menzies',0,3700,0,'Menzies',0,7600,0,'Menzies',0,7500,0,'Menzies',0,4000,0,'Menzies',0,7400,0,'Menzies',0,4000,0,'Menzies',0,7500,0,'Menzies',0,7500,0,'Menzies',0,3500,0,'Menzies',0,7500,0,'Menzies',0,3500,0,'Menzies',0,7400,0,'Menzies',0,7400,0,'Menzies',0,2900,0,'Menzies',0,7500,0,'Menzies',0,10500,0,'Menzies',0
'4464',5101,83400,4,'',0,10100,4,'',0,7500,4,'',0,3100,4,'',0,7500,4,'',0,3700,4,'',0,7600,4,'',0,7500,4,'',0,4000,4,'',0,7400,4,'',0,4000,4,'',0,7500,4,'',0,7500,4,'',0,3500,4,'',0,7500,4,'',0,3500,4,'',0,7400,4,'',0,7400,4,'',0,2900,4,'',0,7500,4,'',0,10500,4,'',0
'4495',5100,65600,0,'Menzies',0,5500,0,'Menzies',0,1500,0,'Menzies',0,3000,0,'Menzies',0,5500,0,'Menzies',0,1500,0,'Menzies',0,1500,0,'Menzies',0,7400,0,'Menzies',0,2500,0,'Menzies',0,9000,0,'Menzies',0,2500,0,'Menzies',0,6500,0,'Menzies',0,2500,0,'Menzies',0,6500,0,'Menzies',0,1800,0,'Menzies',0,2000,0,'Menzies',0,5900,0,'Menzies',0,1800,0,'Menzies',0,2000,0,'Menzies',0,6000,0,'Menzies',0,2000,0,'Menzies',0,900,0,'Downtown Only',0,1000,0,'Menzies',0,6100,0,'Menzies',0,1700,0,'Menzies',0,1800,0,'Menzies',0,1600,0,'Menzies',0,5600,0,'Menzies',0,1600,0,'Menzies',0,1600,0,'Menzies',0,5600,0,'Menzies',0,1500,0,'Menzies',0,1500,0,'Menzies',0,1500,0,'Menzies',0,5500,0,'Menzies',0,2000,0,'Menzies',0,2100,0,'Menzies',0,6300,0,'Menzies',0,2400,0,'Menzies',0,2400,0,'Menzies',0,8000,0,'Menzies',0,10900,0,'Menzies',0
'4495',5101,65600,4,'',0,7000,4,'',0,3000,4,'',0,5500,4,'',0,1500,4,'',0,1500,4,'',0,7400,4,'',0,2500,4,'',0,9000,4,'',0,2500,4,'',0,6500,4,'',0,2500,4,'',0,6500,4,'',0,1800,4,'',0,2000,4,'',0,5900,4,'',0,1800,4,'',0,2000,4,'',0,6000,4,'',0,2000,4,'',0,1900,4,'',0,6100,4,'',0,1700,4,'',0,1800,4,'',0,1600,4,'',0,5600,4,'',0,1600,4,'',0,1600,4,'',0,5600,4,'',0,1500,4,'',0,1500,4,'',0,1500,4,'',0,5500,4,'',0,2000,4,'',0,2100,4,'',0,6300,4,'',0,2400,4,'',0,2400,4,'',0,8000,4,'',0,10900,4,'',0
'4540',5100,73400,0,'Menzies',0,10200,0,'Menzies',0,7000,0,'Menzies',0,3100,0,'Menzies',0,7000,0,'Menzies',0,3000,0,'Menzies',0,2100,0,'Menzies',0,6500,0,'Menzies',0,2500,0,'Menzies',0,6100,0,'Menzies',0,1800,0,'Menzies',0,1800,0,'Menzies',0,5800,0,'Menzies',0,1800,0,'Menzies',0,1900,0,'Menzies',0,1800,0,'Menzies',0,5800,0,'Menzies',0,1800,0,'Menzies',0,1800,0,'Menzies',0,4900,0,'Menzies',0,900,0,'Menzies',0,900,0,'Menzies',0,900,0,'Menzies',0,900,0,'Menzies',0,800,0,'Menzies',0,5800,0,'Menzies',0,1000,0,'Menzies',0,1000,0,'Menzies',0,1200,0,'Menzies',0,1300,0,'Menzies',0,5200,0,'Menzies',0,1300,0,'Menzies',0,900,0,'Menzies',0,1000,0,'Menzies',0,1300,0,'Menzies',0,1200,0,'Menzies',0,5300,0,'Menzies',0,1200,0,'Menzies',0,1000,0,'Menzies',0,1000,0,'Menzies',0,1300,0,'Menzies',0,5200,0,'Menzies',0,1000,0,'Menzies',0,1000,0,'Menzies',0,1000,0,'Menzies',0,1000,0,'Menzies',0,5300,0,'Menzies',0,1100,0,'Menzies',0,3000,0,'Menzies',0,7000,0,'Menzies',0,9900,0,'Menzies',0,9900,0,'Menzies',0
'4540',5101,73400,4,'',0,10200,4,'',0,10100,4,'',0,7000,4,'',0,3000,4,'',0,2100,4,'',0,6500,4,'',0,2500,4,'',0,6100,4,'',0,1800,4,'',0,1800,4,'',0,5800,4,'',0,1800,4,'',0,1900,4,'',0,1800,4,'',0,5800,4,'',0,1800,4,'',0,1800,4,'',0,5800,4,'',0,1800,4,'',0,1700,4,'',0,5800,4,'',0,1000,4,'',0,1000,4,'',0,1200,4,'',0,1300,4,'',0,5200,4,'',0,1300,4,'',0,900,4,'',0,1000,4,'',0,1300,4,'',0,1200,4,'',0,5300,4,'',0,1200,4,'',0,1000,4,'',0,1000,4,'',0,1300,4,'',0,5200,4,'',0,1000,4,'',0,1000,4,'',0,1000,4,'',0,1000,4,'',0,5300,4,'',0,1100,4,'',0,1500,4,'',0,1500,4,'',0,1500,4,'',0,5500,4,'',0,2900,4,'',0,7000,4,'',0,9900,4,'',0
'4593',5100,90600,0,'Menzies',0,10100,0,'Menzies',0,11600,0,'Menzies',0,12200,0,'Menzies',0,11300,0,'Menzies',0,15200,0,'Menzies',0,11300,0,'Menzies',0,10900,0,'Menzies',0,11000,0,'Menzies',0,10500,0,'Menzies',0
'4593',5101,100700,4,'',0,11600,4,'',0,12200,4,'',0,11300,4,'',0,15200,4,'',0,11300,4,'',0,10900,4,'',0,11000,4,'',0,10500,4,'',0
'4594',5100,52200,0,'Menzies',0,3100,0,'Menzies',0,6700,0,'Menzies',0,2100,0,'Menzies',0,10000,0,'Menzies',0,6200,0,'Menzies',0,1600,0,'Downtown Only',0,3600,0,'Menzies',0,15000,0,'Menzies',0,45000,0,'Menzies',0,65700,0,'Menzies',0,9800,0,'Menzies',0,10000,0,'Menzies',0
'4594',5101,64100,4,'',0,10000,4,'',0,7800,4,'',0,3600,4,'',0,15000,4,'',0,45000,4,'',0,65700,4,'',0,9800,4,'',0,10000,4,'',0
'4595',5100,83400,0,'Menzies',0,10100,0,'Menzies',0,7500,0,'Menzies',0,3100,0,'Menzies',0,7500,0,'Menzies',0,3700,0,'Menzies',0,7600,0,'Menzies',0,7500,0,'Menzies',0,4000,0,'Menzies',0,7400,0,'Menzies',0,4000,0,'Menzies',0,7500,0,'Menzies',0,7500,0,'Menzies',0,3500,0,'Menzies',0,7500,0,'Menzies',0,3500,0,'Menzies',0,7400,0,'Menzies',0,7400,0,'Menzies',0,2900,0,'Menzies',0,7500,0,'Menzies',0,10500,0,'Menzies',0
'4595',5101,83400,4,'',0,10100,4,'',0,7500,4,'',0,3100,4,'',0,7500,4,'',0,3700,4,'',0,7600,4,'',0,7500,4,'',0,4000,4,'',0,7400,4,'',0,4000,4,'',0,7500,4,'',0,7500,4,'',0,3500,4,'',0,7500,4,'',0,3500,4,'',0,7400,4,'',0,7400,4,'',0,2900,4,'',0,7500,4,'',0,10500,4,'',0
'4596',5100,65600,0,'Menzies',0,5500,0,'Menzies',0,1500,0,'Menzies',0,3000,0,'Menzies',0,5500,0,'Menzies',0,1500,0,'Menzies',0,1500,0,'Menzies',0,7400,0,'Menzies',0,2500,0,'Menzies',0,9000,0,'Menzies',0,2500,0,'Menzies',0,6500,0,'Menzies',0,2500,0,'Menzies',0,6500,0,'Menzies',0,1800,0,'Menzies',0,2000,0,'Menzies',0,5900,0,'Menzies',0,1800,0,'Menzies',0,2000,0,'Menzies',0,6000,0,'Menzies',0,2000,0,'Menzies',0,900,0,'Downtown Only',0,1000,0,'Menzies',0,6100,0,'Menzies',0,1700,0,'Menzies',0,1800,0,'Menzies',0,1600,0,'Menzies',0,5600,0,'Menzies',0,1600,0,'Menzies',0,1600,0,'Menzies',0,5600,0,'Menzies',0,1500,0,'Menzies',0,1500,0,'Menzies',0,1500,0,'Menzies',0,5500,0,'Menzies',0,2000,0,'Menzies',0,2100,0,'Menzies',0,6300,0,'Menzies',0,2400,0,'Menzies',0,2400,0,'Menzies',0,8000,0,'Menzies',0,10900,0,'Menzies',0
'4596',5101,65600,4,'',0,7000,4,'',0,3000,4,'',0,5500,4,'',0,1500,4,'',0,1500,4,'',0,7400,4,'',0,2500,4,'',0,9000,4,'',0,2500,4,'',0,6500,4,'',0,2500,4,'',0,6500,4,'',0,1800,4,'',0,2000,4,'',0,5900,4,'',0,1800,4,'',0,2000,4,'',0,6000,4,'',0,2000,4,'',0,1900,4,'',0,6100,4,'',0,1700,4,'',0,1800,4,'',0,1600,4,'',0,5600,4,'',0,1600,4,'',0,1600,4,'',0,5600,4,'',0,1500,4,'',0,1500,4,'',0,1500,4,'',0,5500,4,'',0,2000,4,'',0,2100,4,'',0,6300,4,'',0,2400,4,'',0,2400,4,'',0,8000,4,'',0,10900,4,'',0
'4600',5100,73400,0,'Menzies',0,10200,0,'Menzies',0,10100,0,'Menzies',0,10000,0,'Menzies',0,2100,0,'Menzies',0,9000,0,'Menzies',0,6100,0,'Menzies',0,1800,0,'Menzies',0,7600,0,'Menzies',0,1800,0,'Menzies',0,1900,0,'Menzies',0,7600,0,'Menzies',0,1800,0,'Menzies',0,1800,0,'Menzies',0,7600,0,'Menzies',0,1700,0,'Menzies',0,5800,0,'Menzies',0,4500,0,'Menzies',0,6500,0,'Menzies',0,4400,0,'Menzies',0,6500,0,'Menzies',0,8500,0,'Menzies',0,10400,0,'Menzies',0,10000,0,'Menzies',0,9900,0,'Menzies',0,9900,0,'Menzies',0
'4600',5101,73400,4,'',0,10200,4,'',0,10100,4,'',0,10000,4,'',0,2100,4,'',0,9000,4,'',0,6100,4,'',0,1800,4,'',0,7600,4,'',0,1800,4,'',0,1900,4,'',0,7600,4,'',0,1800,4,'',0,1800,4,'',0,7600,4,'',0,1700,4,'',0,5800,4,'',0,4500,4,'',0,6500,4,'',0,4400,4,'',0,6500,4,'',0,8500,4,'',0,10400,4,'',0,10000,4,'',0,9900,4,'',0,9900,4,'',0
'4601',5100,52200,0,'Menzies',0,3100,0,'Menzies',0,6700,0,'Menzies',0,2100,0,'Menzies',0,1500,0,'Menzies',0,5500,0,'Menzies',0,1500,0,'Menzies',0,1500,0,'Menzies',0,1500,0,'Menzies',0,4700,0,'Menzies',0,800,0,'Menzies',0,800,0,'Downtown Only',0,700,0,'Menzies',0,1500,0,'Menzies',0,1400,0,'Menzies',0,6000,0,'Menzies',0,2500,0,'Menzies',0,6500,0,'Menzies',0,2500,0,'Menzies',0,2500,0,'Menzies',0,6500,0,'Menzies',0,2500,0,'Menzies',0,6500,0,'Menzies',0,1800,0,'Menzies',0,2000,0,'Menzies',0,5900,0,'Menzies',0,1800,0,'Menzies',0,2000,0,'Menzies',0,6000,0,'Menzies',0,2000,0,'Menzies',0,900,0,'Downtown Only',0,1000,0,'Menzies',0,1100,0,'Menzies',0,5000,0,'Menzies',0,1700,0,'Menzies',0,1800,0,'Menzies',0,1600,0,'Menzies',0,5600,0,'Menzies',0,1600,0,'Menzies',0,1600,0,'Menzies',0,5600,0,'Menzies',0,1500,0,'Menzies',0,1500,0,'Menzies',0,1500,0,'Menzies',0,5500,0,'Menzies',0,2000,0,'Menzies',0,2100,0,'Menzies',0,6300,0,'Menzies',0,2400,0,'Menzies',0,2400,0,'Menzies',0,8000,0,'Menzies',0,8000,0,'Menzies',0,2900,0,'Menzies',0,6900,0,'Menzies',0,10000,0,'Menzies',0
'4601',5101,64100,4,'',0,1500,4,'',0,7000,4,'',0,1500,4,'',0,1500,4,'',0,5500,4,'',0,800,4,'',0,700,4,'',0,1500,4,'',0,1400,4,'',0,6000,4,'',0,2500,4,'',0,6500,4,'',0,2500,4,'',0,2500,4,'',0,6500,4,'',0,2500,4,'',0,6500,4,'',0,1800,4,'',0,2000,4,'',0,5900,4,'',0,1800,4,'',0,2000,4,'',0,6000,4,'',0,2000,4,'',0,1900,4,'',0,1100,4,'',0,5000,4,'',0,1700,4,'',0,1800,4,'',0,1600,4,'',0,5600,4,'',0,1600,4,'',0,1600,4,'',0,5600,4,'',0,1500,4,'',0,1500,4,'',0,1500,4,'',0,5500,4,'',0,2000,4,'',0,2100,4,'',0,6300,4,'',0,2400,4,'',0,2400,4,'',0,8000,4,'',0,8000,4,'',0,2900,4,'',0,6900,4,'',0,10000,4,'',0
'4603',5100,73400,0,'Menzies',0,10200,0,'Menzies',0,7000,0,'Menzies',0,3100,0,'Menzies',0,7000,0,'Menzies',0,3000,0,'Menzies',0,2100,0,'Menzies',0,6500,0,'Menzies',0,2500,0,'Menzies',0,6100,0,'Menzies',0,1800,0,'Menzies',0,1800,0,'Menzies',0,5800,0,'Menzies',0,1800,0,'Menzies',0,1900,0,'Menzies',0,1800,0,'Menzies',0,5800,0,'Menzies',0,1800,0,'Menzies',0,1800,0,'Menzies',0,5800,0,'Menzies',0,1800,0,'Menzies',0,1700,0,'Menzies',0,5800,0,'Menzies',0,2000,0,'Menzies',0,2500,0,'Menzies',0,6500,0,'Menzies',0,1900,0,'Menzies',0,2500,0,'Menzies',0,6500,0,'Menzies',0,2000,0,'Menzies',0,6500,0,'Menzies',0,4000,0,'Menzies',0,6400,0,'Menzies',0,10000,0,'Menzies',0,9900,0,'Menzies',0,9900,0,'Menzies',0
'4603',5101,73400,4,'',0,10200,4,'',0,10100,4,'',0,7000,4,'',0,3000,4,'',0,2100,4,'',0,6500,4,'',0,2500,4,'',0,6100,4,'',0,1800,4,'',0,1800,4,'',0,5800,4,'',0,1800,4,'',0,1900,4,'',0,1800,4,'',0,5800,4,'',0,1800,4,'',0,1800,4,'',0,5800,4,'',0,1800,4,'',0,1700,4,'',0,5800,4,'',0,2000,4,'',0,2500,4,'',0,6500,4,'',0,1900,4,'',0,2500,4,'',0,6500,4,'',0,2000,4,'',0,6500,4,'',0,4000,4,'',0,6400,4,'',0,10000,4,'',0,9900,4,'',0,9900,4,'',0
'4540',5501,91300,0,'Greendale',0,4000,4,'',0,34900,0,'Greendale',0,4000,4,'',0,36200,0,'Greendale',0,3900,4,'',0
'4594',5501,72300,0,'Greendale',0,8000,4,'',0,15400,0,'Greendale',0,7900,4,'',0,46700,0,'Greendale',0,4100,4,'',0,26800,0,'Greendale',0,3900,4,'',0
'4600',5501,91300,0,'Greendale',0,4000,4,'',0,34900,0,'Greendale',0,4000,4,'',0,36200,0,'Greendale',0,3900,4,'',0
'4601',5501,72300,0,'Greendale',0,8000,4,'',0,15400,0,'Greendale',0,7900,4,'',0,46700,0,'Greendale',0,4100,4,'',0,26800,0,'Greendale',0,3900,4,'',0
'4603',5501,91300,0,'Greendale',0,4000,4,'',0,34900,0,'Greendale',0,4000,4,'',0,36200,0,'Greendale',0,3900,4,'',0
