5100,'4944',755,,118,0,6,0,104,,114,0,6,0,70,,115,0,6,0,74,,83,0,6,0,30,,84,0,6,0,70,,86,0,6,0,21,,87,0,6,0,25,,85,0,6,0,66,,116,0,6,0,21,,88,0,6,0,18,,89,0,6,0,58,,90,0,6,0,19,,91,0,6,0,18,,92,0,6,0,59,,93,0,6,0,17,,94,0,6,0,18,,95,0,6,0,58,,96,0,6,0,18,,97,0,6,0,18,,98,0,6,0,18,,99,0,6,0,57,,100,0,6,0,18,,117,0,6,0,19,,101,0,6,0,65,,102,0,6,0,25,,103,0,6,0,18,,104,0,6,0,65,,105,0,6,0,24,,106,0,6,0,58,,107,0,6,0,25,,112,0,6,0,24,,122,0,6,0,59,,111,0,6,0,20,,113,0,6,0,70,,121,0,6,0,30,,110,0,6,0,80,,120,0,6,0,24,,109,0,6,0,70,,119,0,6,0,29,,108,0,6,0
5100,'4946',755,,25,0,6,0,101,,10,0,6,0,70,,24,0,6,0,32,,1,0,6,0,75,,14,0,6,0,72,,2,0,6,0,37,,15,0,6,0,77,,3,0,6,0,36,,16,0,6,0,75,,4,0,6,0,80,,17,0,6,0,34,,5,0,6,0,80,,7,0,6,0,35,,8,0,6,0,75,,18,0,6,0,75,,9,0,6,0,35,,19,0,6,0,74,,6,0,6,0,33,,20,0,6,0,73,,13,0,6,0,29,,21,0,6,0,75,,12,0,6,0,30,,23,0,6,0,73,,11,0,6,0,98,,22,0,6,0
5100,'4955',528,,906,0,6,0,80,,907,0,6,0,24,,908,0,6,0,27,,909,0,6,0,55,,910,0,6,0,14,,911,0,6,0,23,,912,0,6,0,56,,913,0,6,0,19,,914,0,6,0,7,,915,0,6,0,8,,916,0,6,0,11,,918,0,6,0,55,,919,0,6,0,14,,905,0,6,0,20,,920,0,6,0,67,,921,0,6,0,25,,922,0,6,0,25,,923,0,6,0,65,,924,0,6,0,27,,925,0,6,0,65,,926,0,6,0,25,,927,0,6,0,17,,928,0,6,0,60,,929,0,6,0,19,,930,0,6,0,18,,931,0,6,0,61,,932,0,6,0,20,,933,0,6,0,24,,934,0,6,0,61,,936,0,6,0,10,,937,0,6,0,8,,938,0,6,0,16,,939,0,6,0,57,,940,0,6,0,16,,941,0,6,0,15,,942,0,6,0,16,,943,0,6,0,54,,944,0,6,0,16,,945,0,6,0,14,,946,0,6,0,13,,947,0,6,0,55,,948,0,6,0,15,,949,0,6,0,19,,950,0,6,0,59,,951,0,6,0,20,,952,0,6,0,24,,953,0,6,0,64,,954,0,6,0,28,,961,0,6,0,68,,955,0,6,0,29,,956,0,6,0,67,,957,0,6,0,29,,958,0,6,0,70,,960,0,6,0,30,,959,0,6,0
5100,'4957',755,,997,0,6,0,104,,993,0,6,0,70,,994,0,6,0,74,,962,0,6,0,30,,963,0,6,0,70,,965,0,6,0,21,,966,0,6,0,25,,964,0,6,0,66,,995,0,6,0,21,,967,0,6,0,18,,968,0,6,0,58,,969,0,6,0,19,,970,0,6,0,18,,971,0,6,0,59,,972,0,6,0,17,,973,0,6,0,18,,974,0,6,0,58,,975,0,6,0,18,,976,0,6,0,18,,977,0,6,0,18,,978,0,6,0,57,,979,0,6,0,18,,996,0,6,0,19,,980,0,6,0,65,,981,0,6,0,25,,982,0,6,0,18,,983,0,6,0,65,,984,0,6,0,24,,985,0,6,0,58,,986,0,6,0,25,,991,0,6,0,24,,1001,0,6,0,59,,990,0,6,0,20,,992,0,6,0,70,,1000,0,6,0,30,,989,0,6,0,80,,999,0,6,0,24,,988,0,6,0,70,,998,0,6,0,29,,987,0,6,0
5100,'4958',755,,1026,0,6,0,101,,1011,0,6,0,70,,1025,0,6,0,32,,1002,0,6,0,75,,1015,0,6,0,72,,1003,0,6,0,37,,1016,0,6,0,77,,1004,0,6,0,36,,1017,0,6,0,75,,1005,0,6,0,80,,1018,0,6,0,34,,1006,0,6,0,80,,1008,0,6,0,35,,1009,0,6,0,75,,1019,0,6,0,75,,1010,0,6,0,35,,1020,0,6,0,74,,1007,0,6,0,33,,1021,0,6,0,73,,1014,0,6,0,29,,1022,0,6,0,75,,1013,0,6,0,30,,1024,0,6,0,73,,1012,0,6,0,98,,1023,0,6,0
5301,'4944',813,,378,0,10 11,0,104,,364,0,10 11,0,105,,373,0,10 11,0,95,,366,0,10 11,0,100,,374,0,10 11,0,100,,368,0,10 11,0,100,,370,0,10 11,0,100,,371,0,10 11,0,100,,372,0,10 11,0,100,,367,0,10 11,0,95,,375,0,10 11,0,100,,365,0,10 11,0,110,,376,0,10 11,0,100,,369,0,10 11,0,110,,377,0,10 11,0
5301,'4946',813,,341,0,10 11,0,104,,339,0,10 11,0,100,,338,0,10 11,0,100,,330,0,10 11,0,100,,331,0,10 11,0,100,,332,0,10 11,0,100,,333,0,10 11,0,100,,334,0,10 11,0,100,,336,0,10 11,0,100,,337,0,10 11,0,100,,335,0,10 11,0,100,,340,0,10 11,0,100,,342,0,10 11,0
5301,'4955',547,,1234,0,10 11,0,80,,1235,0,10 11,0,75,,1236,0,10 11,0,30,,1237,0,10 11,0,76,,1238,0,10 11,0,24,,1239,0,10 11,0,100,,1240,0,10 11,0,100,,1241,0,10 11,0,100,,1242,0,10 11,0,100,,1243,0,10 11,0,100,,1244,0,10 11,0,106,,1245,0,10 11,0,75,,1246,0,10 11,0,25,,1247,0,10 11,0,65,,1248,0,10 11,0,30,,1249,0,10 11,0,99,,1250,0,10 11,0,95,,1251,0,10 11,0,95,,1252,0,10 11,0,110,,1253,0,10 11,0,100,,1254,0,10 11,0
5301,'4957',813,,1269,0,10 11,0,104,,1255,0,10 11,0,105,,1264,0,10 11,0,95,,1257,0,10 11,0,100,,1265,0,10 11,0,100,,1259,0,10 11,0,100,,1261,0,10 11,0,100,,1262,0,10 11,0,100,,1263,0,10 11,0,100,,1258,0,10 11,0,95,,1266,0,10 11,0,100,,1256,0,10 11,0,110,,1267,0,10 11,0,100,,1260,0,10 11,0,110,,1268,0,10 11,0
5301,'4958',813,,1281,0,10 11,0,104,,1279,0,10 11,0,100,,1278,0,10 11,0,100,,1270,0,10 11,0,100,,1271,0,10 11,0,100,,1272,0,10 11,0,100,,1273,0,10 11,0,100,,1274,0,10 11,0,100,,1276,0,10 11,0,100,,1277,0,10 11,0,100,,1275,0,10 11,0,100,,1280,0,10 11,0,100,,1282,0,10 11,0
