5200,'4944',756,,284,,,0,100,,283,,,0,103,,276,,,0,141,,282,,,0,102,,275,,,0,100,,279,,,0,100,,274,,,0,100,,278,,,0,100,,273,,,0,99,,280,,,0,58,,272,,,0,100,,281,,,0,99,,271,,,0,99,,277,,,0,148,,270,,,0
5200,'4946',756,,249,,,0,99,,247,,,0,99,,246,,,0,103,,245,,,0,143,,244,,,0,101,,243,,,0,100,,241,,,0,100,,239,,,0,57,,242,,,0,99,,240,,,0,100,,248,,,0,99,,250,,,0,147,,251,,,0,101,,252,,,0
5200,'4955',606,,1156,,,0,101,,1157,,,0,123,,1158,,,0,90,,1159,,,0,112,,1153,,,0,105,,1154,,,0,112,,1155,,,0,100,,1150,,,0,153,,1151,,,0,103,,1152,,,0,104,,1148,,,0,97,,1149,,,0,101,,1146,,,0,95,,1147,,,0,104,,1144,,,0,100,,1145,,,0,130,,1143,,,0
5200,'4957',756,,1174,,,0,100,,1173,,,0,103,,1166,,,0,141,,1172,,,0,102,,1165,,,0,100,,1169,,,0,100,,1164,,,0,100,,1168,,,0,100,,1163,,,0,99,,1170,,,0,58,,1162,,,0,100,,1171,,,0,99,,1161,,,0,99,,1167,,,0,148,,1160,,,0
5200,'4958',756,,1185,,,0,99,,1183,,,0,99,,1182,,,0,103,,1181,,,0,143,,1180,,,0,101,,1179,,,0,100,,1177,,,0,100,,1175,,,0,57,,1178,,,0,99,,1176,,,0,100,,1184,,,0,99,,1186,,,0,147,,1187,,,0,101,,1188,,,0
5401,'4944',752,,424,0,9,0,100,,416,0,9,0,100,,422,0,9,0,100,,415,0,9,0,100,,421,0,9,0,100,,413,0,9,0,100,,420,0,9,0,100,,412,0,9,0,100,,419,0,9,0,100,,411,0,9,0,100,,418,0,9,0,100,,410,0,9,0,100,,417,0,9,0,150,,409,0,9,0,133,,414,0,9,0,103,,423,0,9,0
5401,'4946',851,,389,0,9,0,101,,387,0,9,0,100,,380,0,9,0,100,,381,0,9,0,100,,382,0,9,0,100,,383,0,9,0,100,,385,0,9,0,100,,379,0,9,0,100,,384,0,9,0,100,,386,0,9,0,150,,390,0,9,0,100,,391,0,9,0
5401,'4955',606,,1285,0,9,0,104,,1286,0,9,0,97,,1287,0,9,0,115,,1288,0,9,0,105,,1289,0,9,0,110,,1290,0,9,0,100,,1284,0,9,0,105,,1291,0,9,0,105,,1292,0,9,0,105,,1293,0,9,0,100,,1294,0,9,0,105,,1295,0,9,0,95,,1296,0,9,0,149,,1297,0,9,0,103,,1298,0,9,0,130,,1299,0,9,0
5401,'4957',752,,1315,0,9,0,100,,1307,0,9,0,100,,1313,0,9,0,100,,1306,0,9,0,100,,1312,0,9,0,100,,1304,0,9,0,100,,1311,0,9,0,100,,1303,0,9,0,100,,1310,0,9,0,100,,1302,0,9,0,100,,1309,0,9,0,100,,1301,0,9,0,100,,1308,0,9,0,150,,1300,0,9,0,133,,1305,0,9,0,103,,1314,0,9,0
5401,'4958',851,,1327,0,9,0,101,,1325,0,9,0,100,,1318,0,9,0,100,,1319,0,9,0,100,,1320,0,9,0,100,,1321,0,9,0,100,,1323,0,9,0,100,,1317,0,9,0,100,,1322,0,9,0,100,,1324,0,9,0,150,,1328,0,9,0,100,,1329,0,9,0
5801,'4944',756,,555,0,17 18,0,158,,551,0,17 18,0,100,,550,0,17 18,0,99,,554,0,17 18,0,100,,546,0,17 18,0,100,,545,0,17 18,0,100,,549,0,17 18,0,100,,553,0,17 18,0,100,,552,0,17 18,0,100,,548,0,17 18,0,102,,544,0,17 18,0,130,,543,0,17 18,0,170,,547,0,17 18,0,100,,556,0,17 18,0
5801,'4946',756,,525,0,17 18,0,159,,521,0,17 18,0,100,,515,0,17 18,0,100,,523,0,17 18,0,100,,516,0,17 18,0,98,,517,0,17 18,0,100,,518,0,17 18,0,100,,524,0,17 18,0,100,,519,0,17 18,0,101,,520,0,17 18,0,100,,522,0,17 18,0,97,,526,0,17 18,0,100,,527,0,17 18,0
5801,'4955',631,,1429,0,17 18,0,171,,1430,0,17 18,0,124,,1431,0,17 18,0,100,,1432,0,17 18,0,100,,1422,0,17 18,0,100,,1423,0,17 18,0,100,,1424,0,17 18,0,102,,1425,0,17 18,0,104,,1426,0,17 18,0,96,,1427,0,17 18,0,98,,1428,0,17 18,0,99,,1420,0,17 18,0,121,,1421,0,17 18,0,170,,1419,0,17 18,0
5801,'4957',756,,1446,0,17 18,0,158,,1442,0,17 18,0,100,,1441,0,17 18,0,99,,1445,0,17 18,0,100,,1437,0,17 18,0,100,,1436,0,17 18,0,100,,1440,0,17 18,0,100,,1444,0,17 18,0,100,,1443,0,17 18,0,100,,1439,0,17 18,0,102,,1435,0,17 18,0,130,,1434,0,17 18,0,170,,1438,0,17 18,0,100,,1447,0,17 18,0
5801,'4958',756,,1458,0,17 18,0,159,,1454,0,17 18,0,100,,1448,0,17 18,0,100,,1456,0,17 18,0,100,,1449,0,17 18,0,98,,1450,0,17 18,0,100,,1451,0,17 18,0,100,,1457,0,17 18,0,100,,1452,0,17 18,0,101,,1453,0,17 18,0,100,,1455,0,17 18,0,97,,1459,0,17 18,0,100,,1460,0,17 18,0
