'1781',5800,92200,,'',0,10000,,'',0,10000,,'',0,10000,,'',0,10000,,'',0,10000,,'',0,10000,,'',0,10000,,'',0,10000,,'',0,10000,,'',0,13000,,'',0,17000,,'',0
'1781',5801,92200,4,'',0,10000,4,'',0,10000,4,'',0,10000,4,'',0,10000,4,'',0,10000,4,'',0,10000,4,'',0,10000,4,'',0,10000,4,'',0,10000,4,'',0,13000,4,'',0,17000,4,'',0
'2086',5800,54300,,'',0,9900,,'',0,17100,,'',0,12400,,'',0,20000,,'',0,19500,,'',0
'2086',5801,64200,4,'',0,17100,4,'',0,12400,4,'',0,20000,4,'',0,19500,4,'',0
'2091',5800,90200,,'',0,10000,,'',0,10000,,'',0,10000,,'',0,10000,,'',0,10000,,'',0,10000,,'',0,10500,,'',0,10000,,'',0,10000,,'',0
'2091',5801,90200,4,'',0,10000,4,'',0,10000,4,'',0,10000,4,'',0,10000,4,'',0,10000,4,'',0,10000,4,'',0,10500,4,'',0,10000,4,'',0,10000,4,'',0
'3047',5800,103700,,'',0,20000,,'',0,20100,,'',0,10100,,'',0,10000,,'',0,9800,,'',0,9200,,'',0,12000,,'',0,17000,,'',0
'3047',5801,103700,4,'',0,20000,4,'',0,20100,4,'',0,10100,4,'',0,10000,4,'',0,9800,4,'',0,9200,4,'',0,12000,4,'',0,17000,4,'',0
'3048',5800,103700,,'',0,20000,,'',0,20100,,'',0,10100,,'',0,10000,,'',0,9800,,'',0,9200,,'',0,12000,,'',0,17000,,'',0
'3048',5801,103700,4,'',0,20000,4,'',0,20100,4,'',0,10100,4,'',0,10000,4,'',0,9800,4,'',0,9200,4,'',0,12000,4,'',0,17000,4,'',0
