6600,'4944',800,,637,,,0,100,,631,,,0,40,,630,,,0,75,,629,,,0,35,,623,,,0,70,,633,,,0,31,,639,,,0,75,,620,,,0,81,,638,,,0,35,,628,,,0,86,,641,,,0,85,,619,,,0,45,,642,,,0,84,,621,,,0,85,,622,,,0,85,,624,,,0,31,,634,0,15 16,0,68,,625,,,0,30,,632,,,0,69,,627,,,0,45,,640,,,0,90,,635,,,0,95,,626,0,15 16,0,5,,636,,,0
6600,'4946',859,,580,,,0,80,,579,,,0,75,,578,,,0,35,,572,,,0,70,,562,,,0,30,,563,,,0,75,,571,,,0,81,,561,,,0,35,,577,,,0,86,,583,,,0,85,,564,,,0,46,,581,,,0,84,,565,,,0,84,,566,,,0,85,,582,,,0,30,,576,0,15 16,0,70,,567,,,0,30,,568,,,0,70,,575,,,0,45,,570,,,0,90,,573,,,0,94,,569,0,15 16,0,5,,574,,,0
6600,'4955',703,,1465,,,0,41,,1466,,,0,67,,1467,,,0,26,,1468,,,0,20,,1471,0,15 16,0,60,,1472,,,0,28,,1473,,,0,69,,1474,0,15 16,0,30,,1470,,,0,70,,1476,0,15 16,0,30,,1469,,,0,70,,1475,0,15 16,0,30,,1477,,,0,72,,1498,0,15 16,0,26,,1478,,,0,75,,1497,,,0,31,,1496,,,0,74,,1499,0,15 16,0,35,,1494,,,0,72,,1495,0,15 16,0,74,,1480,,,0,17,,1481,0,15 16,0,19,,1482,,,0,18,,1483,0,15 16,0,61,,1484,,,0,15,,1485,,,0,18,,1487,,,0,58,,1486,,,0,20,,1488,,,0,18,,1490,0,15 16,0,65,,1491,,,0,30,,1479,,,0,70,,1489,,,0,34,,1492,,,0,100,,1493,,,0
6600,'4957',800,,1518,,,0,100,,1512,,,0,40,,1511,,,0,75,,1510,,,0,35,,1504,,,0,70,,1514,,,0,31,,1519,,,0,75,,1501,,,0,81,,1520,,,0,35,,1509,,,0,86,,1522,,,0,85,,1500,,,0,45,,1523,,,0,84,,1502,,,0,85,,1503,,,0,85,,1505,,,0,31,,1515,0,15 16,0,68,,1506,,,0,30,,1513,,,0,69,,1508,,,0,45,,1521,,,0,90,,1516,,,0,95,,1507,0,15 16,0,5,,1517,,,0
6600,'4958',859,,1543,,,0,80,,1542,,,0,75,,1541,,,0,35,,1535,,,0,70,,1525,,,0,30,,1526,,,0,75,,1534,,,0,81,,1524,,,0,35,,1539,,,0,86,,1546,,,0,85,,1527,,,0,46,,1544,,,0,84,,1528,,,0,84,,1529,,,0,85,,1545,,,0,30,,1540,0,15 16,0,70,,1530,,,0,30,,1531,,,0,70,,1538,,,0,45,,1533,,,0,90,,1536,,,0,94,,1532,0,15 16,0,5,,1537,,,0
6601,'4944',628,,719,,,0,101,,715,,,0,80,,712,,,0,35,,711,,,0,75,,707,,,0,26,,714,,,0,71,,721,,,0,36,,704,,,0,77,,720,,,0,75,,710,,,0,44,,723,,,0,85,,701,,,0,85,,724,,,0,85,,702,,,0,45,,703,,,0,85,,705,,,0,72,,716,,,0,29,,706,,,0,70,,713,,,0,30,,708,,,0,87,,722,,,0,85,,717,,,0,50,,709,,,0,45,,718,,,0
6601,'4946',728,,662,,,0,80,,661,,,0,35,,660,,,0,75,,654,,,0,30,,644,,,0,71,,645,,,0,36,,653,,,0,75,,646,,,0,75,,659,,,0,45,,665,,,0,83,,647,,,0,84,,664,,,0,85,,648,,,0,44,,649,,,0,84,,663,,,0,73,,658,,,0,30,,643,,,0,70,,650,,,0,30,,657,,,0,85,,652,,,0,86,,655,,,0,51,,651,,,0,45,,656,,,0
6601,'4955',522,,1547,,,0,22,,1548,,,0,60,,1549,,,0,21,,1550,,,0,21,,1553,,,0,63,,1554,,,0,37,,1555,,,0,79,,1556,,,0,78,,1552,,,0,35,,1558,,,0,71,,1551,,,0,30,,1557,,,0,70,,1559,,,0,30,,1580,,,0,65,,1561,,,0,29,,1579,,,0,69,,1578,,,0,29,,1581,,,0,28,,1577,,,0,68,,1576,,,0,27,,1562,,,0,59,,1563,,,0,16,,1564,,,0,17,,1565,,,0,63,,1566,,,0,20,,1567,,,0,26,,1568,,,0,66,,1569,,,0,23,,1570,,,0,64,,1571,,,0,31,,1572,,,0,71,,1560,,,0,30,,1573,,,0,70,,1574,,,0,95,,1575,,,0
6601,'4957',628,,1600,,,0,101,,1596,,,0,80,,1593,,,0,35,,1592,,,0,75,,1588,,,0,26,,1595,,,0,71,,1602,,,0,36,,1585,,,0,77,,1601,,,0,75,,1591,,,0,44,,1604,,,0,85,,1582,,,0,85,,1605,,,0,85,,1583,,,0,45,,1584,,,0,85,,1586,,,0,72,,1597,,,0,29,,1587,,,0,70,,1594,,,0,30,,1589,,,0,87,,1603,,,0,85,,1599,,,0,50,,1590,,,0,45,,1598,,,0
6601,'4958',728,,1625,,,0,80,,1624,,,0,35,,1623,,,0,75,,1617,,,0,30,,1607,,,0,71,,1608,,,0,36,,1616,,,0,75,,1609,,,0,75,,1622,,,0,45,,1628,,,0,83,,1610,,,0,84,,1627,,,0,85,,1611,,,0,44,,1612,,,0,84,,1626,,,0,73,,1621,,,0,30,,1606,,,0,70,,1613,,,0,30,,1620,,,0,85,,1615,,,0,86,,1618,,,0,51,,1614,,,0,45,,1619,,,0
