5200,'4729',719,,2061,4,,0,123,,2062,4,,0,90,,2063,4,,0,113,,2057,4,,0,106,,2058,4,,0,153,,2059,4,,0,100,,2054,4,,0,115,,2055,4,,0,102,,2056,4,,0,103,,2052,4,,0,96,,2053,4,,0,100,,2050,4,,0,298,,2049,4,,0,129,,2047,4,,0
5200,'4739',1012,,2070,4,,0,101,,2076,4,,0,103,,2069,4,,0,101,,2073,4,,0,100,,2068,4,,0,100,,2072,4,,0,100,,2067,4,,0,99,,2074,4,,0,96,,2066,4,,0,100,,2075,4,,0,305,,2064,4,,0
5200,'4958',1006,,2086,4,,0,103,,2085,4,,0,104,,2084,4,,0,102,,2083,4,,0,100,,2081,4,,0,100,,2079,4,,0,195,,2080,4,,0,99,,2088,4,,0,99,,2090,4,,0,106,,2091,4,,0,101,,2092,4,,0
5301,'4729',601,,2138,4,,0,41,,2139,4,,0,106,,2141,4,,0,78,,2142,4,,0,21,,2143,4,,0,100,,2144,4,,0,101,,2145,4,,0,101,,2146,4,,0,100,,2147,4,,0,100,,2148,4,,0,107,,2149,4,,0,75,,2150,4,,0,24,,2151,4,,0,65,,2152,4,,0,30,,2153,4,,0,99,,2154,4,,0,94,,2155,4,,0,95,,2156,4,,0,109,,2157,4,,0,99,,2158,4,,0
5301,'4739',827,,2173,4,,0,104,,2159,4,,0,106,,2168,4,,0,95,,2161,4,,0,101,,2169,4,,0,100,,2163,4,,0,100,,2165,4,,0,100,,2166,4,,0,100,,2167,4,,0,100,,2162,4,,0,95,,2170,4,,0,100,,2160,4,,0,109,,2171,4,,0,100,,2164,4,,0,109,,2172,4,,0
5301,'4958',828,,2185,4,,0,104,,2183,4,,0,100,,2182,4,,0,100,,2174,4,,0,101,,2175,4,,0,100,,2176,4,,0,100,,2177,4,,0,100,,2178,4,,0,100,,2180,4,,0,100,,2181,4,,0,100,,2179,4,,0,99,,2184,4,,0,100,,2186,4,,0
5901,'4729',630,,2368,,,0,100,,2367,,,0
6601,'4729',440,,2451,,,0,60,,2452,,,0,20,,2453,,,0,20,,2454,,,0,60,,2457,,,0,23,,2458,,,0,35,,2459,,,0,78,,2460,,,0,80,,2456,,,0,106,,2455,,,0,99,,2463,,,0,93,,2465,,,0,29,,2483,,,0,99,,2485,,,0,96,,2480,,,0,65,,2466,,,0,34,,2468,,,0,17,,2469,,,0,82,,2471,,,0,67,,2472,,,0,50,,2474,,,0,66,,2475,,,0,105,,2464,,,0,31,,2477,,,0,71,,2478,,,0,95,,2479,,,0
6601,'4739',545,,2504,,,0,100,,2500,,,0,80,,2497,,,0,75,,2496,,,0,35,,2492,,,0,65,,2499,,,0,30,,2506,,,0,75,,2489,,,0,37,,2505,,,0,74,,2495,,,0,43,,2508,,,0,85,,2486,,,0,86,,2509,,,0,85,,2487,,,0,85,,2488,,,0,46,,2490,,,0,72,,2501,,,0,29,,2491,,,0,70,,2498,,,0,31,,2493,,,0,174,,2503,,,0,95,,2502,,,0
6601,'4958',645,,2529,,,0,80,,2528,,,0,75,,2527,,,0,35,,2521,,,0,70,,2511,,,0,30,,2512,,,0,75,,2520,,,0,35,,2513,,,0,75,,2526,,,0,85,,2532,,,0,43,,2514,,,0,82,,2531,,,0,85,,2515,,,0,85,,2516,,,0,45,,2530,,,0,73,,2525,,,0,30,,2510,,,0,70,,2517,,,0,30,,2524,,,0,171,,2522,,,0,97,,2523,,,0
7100,'4729',515,,2536,0,5,0,110,,2535,,,0,95,,2533,,,0,100,,2537,,,0,100,,2534,,,0,320,,2538,,,0,175,,2541,,,0,27,,2539,0,5,0,78,,2540,,,0,100,,2542,,,0,110,,2543,,,0
7100,'4739',723,,2549,0,5,0,127,,2545,,,0,195,,2546,,,0,200,,2547,,,0,162,,2544,0,5,0,127,,2548,,,0,201,,2550,,,0,265,,2551,,,0,155,,2552,,,0
7100,'5020',1935,,2553,,,0,195,,2554,,,0
7101,'4729',711,,2556,4,,0,96,,2558,4,,0,103,,2557,4,,0,30,,2559,4,,0,70,,2560,4,,0,100,,2555,4,,0,316,,2561,4,,0,180,,2562,4,,0,100,,2563,4,,0,104,,2564,4,,0,110,,2565,4,,0
7101,'4739',1029,,2567,4,,0,115,,2571,4,,0,85,,2566,4,,0,205,,2568,4,,0,280,,2569,4,,0,115,,2572,4,,0,86,,2570,4,,0,224,,2573,4,,0,193,,2574,4,,0
7101,'5020',2114,,2575,4,,0,193,,2576,4,,0
