5201,'4327',847,,1215,16,,,0,100,,1213,16,,,0,100,,1206,16,,,0,100,,1205,16,,,0,100,,1208,16,,,0,100,,1209,16,,,0,100,,1207,16,,,0,100,,1210,16,,,0,100,,1211,16,,,0,100,,1212,16,,,0,110,,1214,16,,,0,99,,1216,16,,,0,90,,1217,16,,,0
5201,'4332',747,,1232,16,,,0,100,,1225,16,,,0,100,,1231,16,,,0,99,,1224,16,,,0,99,,1228,16,,,0,100,,1222,16,,,0,100,,1229,16,,,0,100,,1221,16,,,0,101,,1230,16,,,0,100,,1220,16,,,0,100,,1227,16,,,0,101,,1219,16,,,0,100,,1226,16,,,0,110,,1223,16,,,0,169,,1218,16,,,0,174,,1233,16,,,0
5201,'4480',704,,1940,16,,,0,97,,1941,16,,,0,115,,1942,16,,,0,105,,1943,16,,,0,109,,1944,16,,,0,99,,1945,16,,,0,105,,1946,16,,,0,100,,1947,16,,,0,110,,1948,16,,,0,100,,1949,16,,,0,107,,1935,16,,,0,95,,1936,16,,,0,109,,1937,16,,,0,102,,1938,16,,,0,169,,1939,16,,,0,133,,1934,16,,,0
5401,'4327',848,,1309,46,,,0,98,,1310,75,,,0,103,,1308,75,,,0,103,,1301,75,,,0,101,,1302,75,,,0,100,,1303,75,,,0,100,,1304,75,,,0,97,,1306,75,,,0,99,,1300,75,,,0,100,,1305,75,,,0,99,,1307,75,,,0,108,,1311,75,,,0,100,,1312,75,,,0
5401,'4332',749,,1329,46,,,0,99,,1328,75,,,0,103,,1320,75,,,0,101,,1326,75,,,0,102,,1319,75,,,0,100,,1325,75,,,0,100,,1317,75,,,0,100,,1324,75,,,0,100,,1316,75,,,0,99,,1323,75,,,0,98,,1315,75,,,0,100,,1322,75,,,0,99,,1314,75,,,0,99,,1321,75,,,0,109,,1313,75,,,0,172,,1318,75,,,0
5401,'4480',601,,1971,46,,,0,100,,1973,75,,,0,121,,1974,75,,,0,87,,1975,75,,,0,112,,1976,75,,,0,106,,1977,75,,,0,111,,1978,75,,,0,101,,1972,75,,,0,112,,1979,75,,,0,107,,1980,75,,,0,99,,1981,75,,,0,97,,1982,75,,,0,103,,1983,75,,,0,94,,1984,75,,,0,108,,1985,75,,,0,98,,1986,75,,,0,169,,1987,75,,,0
5801,'4327',816,,1444,29,,,0,120,,1440,29,,,0,100,,1434,29,,,0,100,,1442,29,,,0,100,,1435,29,,,0,100,,1436,29,,,0,100,,1437,29,,,0,100,,1443,29,,,0,100,,1438,29,,,0,100,,1439,29,,,0,100,,1441,29,,,0,95,,1445,29,,,0,100,,1446,29,,,0
5801,'4332',816,,1459,29,,,0,120,,1455,29,,,0,100,,1454,29,,,0,100,,1458,29,,,0,100,,1450,29,,,0,100,,1449,29,,,0,100,,1453,29,,,0,100,,1457,29,,,0,100,,1456,29,,,0,100,,1452,29,,,0,100,,1448,29,,,0,170,,1447,29,,,0,130,,1451,29,,,0,100,,1460,29,,,0
5801,'4480',557,,2037,18,,,0,95,,2033,29,,,0,176,,2034,29,,,0,121,,2035,29,,,0,100,,2036,29,,,0,102,,2026,29,,,0,100,,2027,29,,,0,100,,2028,29,,,0,105,,2029,29,,,0,100,,2030,29,,,0,96,,2031,29,,,0,97,,2032,29,,,0,98,,2024,29,,,0,160,,2025,29,,,0,130,,2023,29,,,0
5900,'4480',1626,,2038,13,,,0,95,,2039,13,,,0
5901,'4480',653,,2041,20,,,0,100,,2040,20,,,0
