6600,'4944',810,,637,,,0,100,,631,,,0,40,,630,,,0,75,,629,,,0,75,,623,,,0,30,,633,,,0,71,,639,,,0,35,,620,,,0,82,,638,,,0,35,,628,,,0,86,,641,,,0,85,,619,,,0,84,,642,,,0,44,,621,,,0,85,,622,,,0,85,,624,,,0,31,,634,4,,0,68,,625,,,0,30,,632,,,0,69,,627,,,0,85,,640,,,0,50,,635,,,0,95,,626,4,,0,5,,636,,,0
6600,'4946',909,,580,,,0,40,,579,,,0,75,,578,,,0,35,,572,,,0,70,,562,,,0,30,,563,,,0,75,,571,,,0,81,,561,,,0,35,,577,,,0,86,,583,,,0,85,,564,,,0,86,,581,,,0,44,,565,,,0,84,,566,,,0,85,,582,,,0,30,,576,4,,0,70,,567,,,0,30,,568,,,0,70,,575,,,0,85,,570,,,0,50,,573,,,0,94,,569,4,,0,5,,574,,,0
6600,'4955',712,,1465,,,0,43,,1466,,,0,70,,1467,,,0,23,,1468,,,0,59,,1471,4,,0,20,,1472,,,0,28,,1473,,,0,69,,1474,4,,0,30,,1470,,,0,70,,1476,4,,0,31,,1469,,,0,70,,1475,4,,0,30,,1477,,,0,72,,1498,4,,0,26,,1478,,,0,76,,1497,,,0,71,,1496,,,0,35,,1499,4,,0,76,,1494,,,0,32,,1495,4,,0,75,,1480,,,0,15,,1481,4,,0,18,,1482,,,0,57,,1483,4,,0,21,,1484,,,0,15,,1485,,,0,57,,1487,,,0,18,,1486,,,0,20,,1488,,,0,17,,1490,4,,0,65,,1491,,,0,30,,1479,,,0,70,,1489,,,0,34,,1492,,,0,100,,1493,,,0
6600,'4957',810,,1518,,,0,100,,1512,,,0,40,,1511,,,0,75,,1510,,,0,75,,1504,,,0,30,,1514,,,0,71,,1519,,,0,35,,1501,,,0,82,,1520,,,0,35,,1509,,,0,86,,1522,,,0,85,,1500,,,0,84,,1523,,,0,44,,1502,,,0,85,,1503,,,0,85,,1505,,,0,31,,1515,4,,0,68,,1506,,,0,30,,1513,,,0,69,,1508,,,0,85,,1521,,,0,50,,1516,,,0,95,,1507,4,,0,5,,1517,,,0
6600,'4958',909,,1543,,,0,40,,1542,,,0,75,,1541,,,0,35,,1535,,,0,70,,1525,,,0,30,,1526,,,0,75,,1534,,,0,81,,1524,,,0,35,,1539,,,0,86,,1546,,,0,85,,1527,,,0,86,,1544,,,0,44,,1528,,,0,84,,1529,,,0,85,,1545,,,0,30,,1540,4,,0,70,,1530,,,0,30,,1531,,,0,70,,1538,,,0,85,,1533,,,0,50,,1536,,,0,94,,1532,4,,0,5,,1537,,,0
6601,'4944',618,,719,,,0,100,,715,,,0,40,,712,,,0,75,,711,,,0,75,,707,,,0,26,,714,,,0,71,,721,,,0,36,,704,,,0,77,,720,,,0,34,,710,,,0,84,,723,,,0,85,,701,,,0,86,,724,,,0,45,,702,,,0,85,,703,,,0,85,,705,,,0,32,,716,,,0,69,,706,,,0,30,,713,,,0,70,,708,,,0,88,,722,,,0,45,,717,,,0,90,,709,,,0,5,,718,,,0
6601,'4946',718,,662,,,0,40,,661,,,0,75,,660,,,0,75,,654,,,0,30,,644,,,0,71,,645,,,0,35,,653,,,0,75,,646,,,0,35,,659,,,0,85,,665,,,0,83,,647,,,0,84,,664,,,0,45,,648,,,0,84,,649,,,0,84,,663,,,0,33,,658,,,0,70,,643,,,0,30,,650,,,0,70,,657,,,0,85,,652,,,0,46,,655,,,0,91,,651,,,0,6,,656,,,0
6601,'4955',511,,1547,,,0,21,,1548,,,0,20,,1549,,,0,61,,1550,,,0,21,,1553,,,0,23,,1554,,,0,76,,1555,,,0,79,,1556,,,0,39,,1552,,,0,75,,1558,,,0,31,,1551,,,0,70,,1557,,,0,30,,1559,,,0,69,,1580,,,0,25,,1561,,,0,69,,1579,,,0,30,,1578,,,0,69,,1581,,,0,28,,1577,,,0,68,,1576,,,0,26,,1562,,,0,59,,1563,,,0,15,,1564,,,0,17,,1565,,,0,23,,1566,,,0,60,,1567,,,0,26,,1568,,,0,67,,1569,,,0,23,,1570,,,0,25,,1571,,,0,71,,1572,,,0,31,,1560,,,0,71,,1573,,,0,30,,1574,,,0,95,,1575,,,0
6601,'4957',618,,1600,,,0,100,,1596,,,0,40,,1593,,,0,75,,1592,,,0,75,,1588,,,0,26,,1595,,,0,71,,1602,,,0,36,,1585,,,0,77,,1601,,,0,34,,1591,,,0,84,,1604,,,0,85,,1582,,,0,86,,1605,,,0,45,,1583,,,0,85,,1584,,,0,85,,1586,,,0,32,,1597,,,0,69,,1587,,,0,30,,1594,,,0,70,,1589,,,0,88,,1603,,,0,45,,1599,,,0,90,,1590,,,0,5,,1598,,,0
6601,'4958',718,,1625,,,0,40,,1624,,,0,75,,1623,,,0,75,,1617,,,0,30,,1607,,,0,71,,1608,,,0,35,,1616,,,0,75,,1609,,,0,35,,1622,,,0,85,,1628,,,0,83,,1610,,,0,84,,1627,,,0,45,,1611,,,0,84,,1612,,,0,84,,1626,,,0,33,,1621,,,0,70,,1606,,,0,30,,1613,,,0,70,,1620,,,0,85,,1615,,,0,46,,1618,,,0,91,,1614,,,0,6,,1619,,,0
