5100,'4944',804,,118,4,,0,104,,114,4,,0,30,,115,4,,0,74,,83,4,,0,30,,84,4,,0,70,,86,4,,0,22,,87,4,,0,25,,85,4,,0,66,,116,4,,0,21,,88,4,,0,58,,89,4,,0,18,,90,4,,0,19,,91,4,,0,18,,92,4,,0,59,,93,4,,0,17,,94,4,,0,18,,95,4,,0,58,,96,4,,0,18,,97,4,,0,18,,98,4,,0,58,,99,4,,0,17,,100,4,,0,18,,117,4,,0,19,,101,4,,0,65,,102,4,,0,25,,103,4,,0,58,,104,4,,0,24,,105,4,,0,24,,106,4,,0,58,,107,4,,0,25,,112,4,,0,64,,122,4,,0,19,,111,4,,0,20,,113,4,,0,70,,121,4,,0,30,,110,4,,0,79,,120,4,,0,24,,109,4,,0,70,,119,4,,0,29,,108,4,,0
5100,'4946',804,,25,4,,0,101,,10,4,,0,30,,24,4,,0,72,,1,4,,0,35,,14,4,,0,72,,2,4,,0,37,,15,4,,0,78,,3,4,,0,77,,16,4,,0,35,,4,4,,0,80,,17,4,,0,33,,5,4,,0,80,,7,4,,0,74,,8,4,,0,35,,18,4,,0,75,,9,4,,0,35,,19,4,,0,74,,6,4,,0,73,,20,4,,0,33,,13,4,,0,69,,21,4,,0,34,,12,4,,0,70,,23,4,,0,33,,11,4,,0,98,,22,4,,0
5100,'4955',535,,906,4,,0,81,,907,4,,0,24,,908,4,,0,68,,909,4,,0,15,,910,4,,0,14,,911,4,,0,65,,912,4,,0,17,,913,4,,0,18,,914,4,,0,6,,915,4,,0,7,,916,4,,0,51,,918,4,,0,15,,919,4,,0,14,,905,4,,0,20,,920,4,,0,67,,921,4,,0,26,,922,4,,0,65,,923,4,,0,25,,924,4,,0,67,,925,4,,0,25,,926,4,,0,25,,927,4,,0,57,,928,4,,0,20,,929,4,,0,20,,930,4,,0,59,,931,4,,0,21,,932,4,,0,22,,933,4,,0,65,,934,4,,0,19,,936,4,,0,9,,937,4,,0,8,,938,4,,0,56,,939,4,,0,16,,940,4,,0,16,,941,4,,0,15,,942,4,,0,56,,943,4,,0,14,,944,4,,0,16,,945,4,,0,12,,946,4,,0,53,,947,4,,0,15,,948,4,,0,15,,949,4,,0,19,,950,4,,0,59,,951,4,,0,20,,952,4,,0,24,,953,4,,0,64,,954,4,,0,28,,961,4,,0,68,,955,4,,0,29,,956,4,,0,66,,957,4,,0,29,,958,4,,0,69,,960,4,,0,30,,959,4,,0
5100,'4957',804,,997,4,,0,104,,993,4,,0,30,,994,4,,0,74,,962,4,,0,30,,963,4,,0,70,,965,4,,0,22,,966,4,,0,25,,964,4,,0,66,,995,4,,0,21,,967,4,,0,58,,968,4,,0,18,,969,4,,0,19,,970,4,,0,18,,971,4,,0,59,,972,4,,0,17,,973,4,,0,18,,974,4,,0,58,,975,4,,0,18,,976,4,,0,18,,977,4,,0,58,,978,4,,0,17,,979,4,,0,18,,996,4,,0,19,,980,4,,0,65,,981,4,,0,25,,982,4,,0,58,,983,4,,0,24,,984,4,,0,24,,985,4,,0,58,,986,4,,0,25,,991,4,,0,64,,1001,4,,0,19,,990,4,,0,20,,992,4,,0,70,,1000,4,,0,30,,989,4,,0,79,,999,4,,0,24,,988,4,,0,70,,998,4,,0,29,,987,4,,0
5100,'4958',804,,1026,4,,0,101,,1011,4,,0,30,,1025,4,,0,72,,1002,4,,0,35,,1015,4,,0,72,,1003,4,,0,37,,1016,4,,0,78,,1004,4,,0,77,,1017,4,,0,35,,1005,4,,0,80,,1018,4,,0,33,,1006,4,,0,80,,1008,4,,0,74,,1009,4,,0,35,,1019,4,,0,75,,1010,4,,0,35,,1020,4,,0,74,,1007,4,,0,73,,1021,4,,0,33,,1014,4,,0,69,,1022,4,,0,34,,1013,4,,0,70,,1024,4,,0,33,,1012,4,,0,98,,1023,4,,0
5101,'4944',715,,233,,,0,100,,230,,,0,30,,238,,,0,70,,199,,,0,30,,200,,,0,70,,201,,,0,20,,202,,,0,65,,203,,,0,25,,231,,,0,20,,204,,,0,58,,205,,,0,18,,206,,,0,18,,207,,,0,18,,208,,,0,58,,209,,,0,19,,210,,,0,18,,211,,,0,58,,212,,,0,18,,213,,,0,18,,214,,,0,58,,215,,,0,18,,216,,,0,18,,232,,,0,60,,217,,,0,25,,218,,,0,25,,219,,,0,60,,220,,,0,25,,221,,,0,65,,222,,,0,18,,223,,,0,25,,228,,,0,65,,237,,,0,20,,229,,,0,21,,227,,,0,70,,236,,,0,30,,226,,,0,81,,235,,,0,25,,225,,,0,71,,234,,,0,30,,224,,,0
5101,'4946',715,,147,,,0,100,,132,,,0,30,,146,,,0,70,,131,,,0,35,,136,,,0,70,,123,,,0,35,,137,,,0,75,,124,,,0,75,,138,,,0,35,,125,,,0,80,,139,,,0,35,,126,,,0,80,,127,,,0,75,,128,,,0,35,,140,,,0,75,,129,,,0,35,,141,,,0,76,,130,,,0,74,,142,,,0,35,,135,,,0,70,,143,,,0,35,,134,,,0,70,,145,,,0,35,,133,,,0,100,,144,,,0
5101,'4955',620,,1028,,,0,27,,1029,,,0,58,,1030,,,0,15,,1031,,,0,14,,1032,,,0,13,,1033,,,0,8,,1034,,,0,47,,1035,,,0,14,,1036,,,0,15,,1037,,,0,22,,1038,,,0,65,,1039,,,0,24,,1027,,,0,65,,1040,,,0,25,,1041,,,0,23,,1042,,,0,65,,1043,,,0,25,,1044,,,0,58,,1045,,,0,20,,1046,,,0,20,,1047,,,0,58,,1048,,,0,19,,1049,,,0,20,,1050,,,0,60,,1051,,,0,17,,1052,,,0,10,,1053,,,0,10,,1054,,,0,16,,1055,,,0,58,,1056,,,0,17,,1057,,,0,17,,1058,,,0,56,,1059,,,0,16,,1060,,,0,16,,1061,,,0,15,,1062,,,0,56,,1063,,,0,17,,1064,,,0,16,,1065,,,0,20,,1066,,,0,61,,1067,,,0,20,,1068,,,0,65,,1069,,,0,25,,1070,,,0,29,,1077,,,0,68,,1071,,,0,30,,1072,,,0,70,,1073,,,0,30,,1074,,,0,70,,1076,,,0,30,,1075,,,0
5101,'4957',715,,1112,,,0,100,,1109,,,0,30,,1117,,,0,70,,1078,,,0,30,,1079,,,0,70,,1080,,,0,20,,1081,,,0,65,,1082,,,0,25,,1110,,,0,20,,1083,,,0,58,,1084,,,0,18,,1085,,,0,18,,1086,,,0,18,,1087,,,0,58,,1088,,,0,19,,1089,,,0,18,,1090,,,0,58,,1091,,,0,18,,1092,,,0,18,,1093,,,0,58,,1094,,,0,18,,1095,,,0,18,,1111,,,0,60,,1096,,,0,25,,1097,,,0,25,,1098,,,0,60,,1099,,,0,25,,1100,,,0,65,,1101,,,0,18,,1102,,,0,25,,1107,,,0,65,,1116,,,0,20,,1108,,,0,21,,1106,,,0,70,,1115,,,0,30,,1105,,,0,81,,1114,,,0,25,,1104,,,0,71,,1113,,,0,30,,1103,,,0
5101,'4958',715,,1142,,,0,100,,1127,,,0,30,,1141,,,0,70,,1126,,,0,35,,1131,,,0,70,,1118,,,0,35,,1132,,,0,75,,1119,,,0,75,,1133,,,0,35,,1120,,,0,80,,1134,,,0,35,,1121,,,0,80,,1122,,,0,75,,1123,,,0,35,,1135,,,0,75,,1124,,,0,35,,1136,,,0,76,,1125,,,0,74,,1137,,,0,35,,1130,,,0,70,,1138,,,0,35,,1129,,,0,70,,1140,,,0,35,,1128,,,0,100,,1139,,,0
7101,'4944',1029,,759,,,0,115,,763,,,0,85,,758,,,0,205,,760,,,0,280,,761,,,0,115,,764,,,0,86,,762,,,0,224,,765,,,0,193,,766,,,0
7101,'4955',711,,1652,,,0,96,,1654,,,0,103,,1653,,,0,30,,1655,,,0,70,,1656,,,0,100,,1651,,,0,316,,1657,,,0,180,,1658,,,0,100,,1659,,,0,104,,1660,,,0,110,,1661,,,0
7101,'4956',2114,,1662,,,0,193,,1663,,,0
7101,'4957',1029,,1665,,,0,115,,1669,,,0,85,,1664,,,0,205,,1666,,,0,280,,1667,,,0,115,,1670,,,0,86,,1668,,,0,224,,1671,,,0,193,,1672,,,0
