5100,'4944',745,,118,0,6,0,103,,114,0,6,0,70,,115,0,6,0,32,,83,0,6,0,70,,84,0,6,0,30,,86,0,6,0,61,,87,0,6,0,25,,85,0,6,0,65,,116,0,6,0,21,,88,0,6,0,18,,89,0,6,0,18,,90,0,6,0,59,,91,0,6,0,18,,92,0,6,0,19,,93,0,6,0,58,,94,0,6,0,18,,95,0,6,0,18,,96,0,6,0,58,,97,0,6,0,18,,98,0,6,0,18,,99,0,6,0,17,,100,0,6,0,58,,117,0,6,0,19,,101,0,6,0,65,,102,0,6,0,25,,103,0,6,0,18,,104,0,6,0,65,,105,0,6,0,25,,106,0,6,0,18,,107,0,6,0,65,,112,0,6,0,25,,122,0,6,0,60,,111,0,6,0,20,,113,0,6,0,30,,121,0,6,0,70,,110,0,6,0,80,,120,0,6,0,24,,109,0,6,0,30,,119,0,6,0,70,,108,0,6,0
5100,'4946',745,,25,0,6,0,101,,10,0,6,0,70,,24,0,6,0,31,,1,0,6,0,75,,14,0,6,0,31,,2,0,6,0,76,,15,0,6,0,77,,3,0,6,0,36,,16,0,6,0,75,,4,0,6,0,40,,17,0,6,0,74,,5,0,6,0,80,,7,0,6,0,35,,8,0,6,0,75,,18,0,6,0,35,,9,0,6,0,75,,19,0,6,0,74,,6,0,6,0,34,,20,0,6,0,73,,13,0,6,0,29,,21,0,6,0,75,,12,0,6,0,30,,23,0,6,0,74,,11,0,6,0,99,,22,0,6,0
5100,'4955',519,,906,0,6,0,40,,907,0,6,0,64,,908,0,6,0,26,,909,0,6,0,55,,910,0,6,0,13,,911,0,6,0,22,,912,0,6,0,15,,913,0,6,0,57,,914,0,6,0,7,,915,0,6,0,8,,916,0,6,0,6,,917,0,7 8,0,7,,918,0,6,0,15,,919,0,6,0,54,,905,0,6,0,20,,920,0,6,0,26,,921,0,6,0,65,,922,0,6,0,25,,923,0,6,0,65,,924,0,6,0,26,,925,0,6,0,65,,926,0,6,0,25,,927,0,6,0,17,,928,0,6,0,60,,929,0,6,0,19,,930,0,6,0,18,,931,0,6,0,61,,932,0,6,0,20,,933,0,6,0,21,,934,0,6,0,12,,935,0,7 8,0,50,,936,0,6,0,11,,937,0,6,0,8,,938,0,6,0,16,,939,0,6,0,17,,940,0,6,0,56,,941,0,6,0,16,,942,0,6,0,16,,943,0,6,0,15,,944,0,6,0,56,,945,0,6,0,15,,946,0,6,0,14,,947,0,6,0,15,,948,0,6,0,55,,949,0,6,0,19,,950,0,6,0,20,,951,0,6,0,60,,952,0,6,0,25,,953,0,6,0,64,,954,0,6,0,28,,961,0,6,0,28,,955,0,6,0,69,,956,0,6,0,28,,957,0,6,0,69,,958,0,6,0,30,,960,0,6,0,70,,959,0,6,0
5100,'4957',745,,997,0,6,0,103,,993,0,6,0,70,,994,0,6,0,32,,962,0,6,0,70,,963,0,6,0,30,,965,0,6,0,61,,966,0,6,0,25,,964,0,6,0,65,,995,0,6,0,21,,967,0,6,0,18,,968,0,6,0,18,,969,0,6,0,59,,970,0,6,0,18,,971,0,6,0,19,,972,0,6,0,58,,973,0,6,0,18,,974,0,6,0,18,,975,0,6,0,58,,976,0,6,0,18,,977,0,6,0,18,,978,0,6,0,17,,979,0,6,0,58,,996,0,6,0,19,,980,0,6,0,65,,981,0,6,0,25,,982,0,6,0,18,,983,0,6,0,65,,984,0,6,0,25,,985,0,6,0,18,,986,0,6,0,65,,991,0,6,0,25,,1001,0,6,0,60,,990,0,6,0,20,,992,0,6,0,30,,1000,0,6,0,70,,989,0,6,0,80,,999,0,6,0,24,,988,0,6,0,30,,998,0,6,0,70,,987,0,6,0
5100,'4958',745,,1026,0,6,0,101,,1011,0,6,0,70,,1025,0,6,0,31,,1002,0,6,0,75,,1015,0,6,0,31,,1003,0,6,0,76,,1016,0,6,0,77,,1004,0,6,0,36,,1017,0,6,0,75,,1005,0,6,0,40,,1018,0,6,0,74,,1006,0,6,0,80,,1008,0,6,0,35,,1009,0,6,0,75,,1019,0,6,0,35,,1010,0,6,0,75,,1020,0,6,0,74,,1007,0,6,0,34,,1021,0,6,0,73,,1014,0,6,0,29,,1022,0,6,0,75,,1013,0,6,0,30,,1024,0,6,0,74,,1012,0,6,0,99,,1023,0,6,0
6600,'4944',836,,637,,,0,100,,631,,,0,80,,630,,,0,35,,629,,,0,76,,623,,,0,30,,633,,,0,71,,639,,,0,75,,620,,,0,44,,638,,,0,75,,628,,,0,86,,641,,,0,45,,619,,,0,82,,642,,,0,84,,621,,,0,84,,622,,,0,45,,624,,,0,99,,625,,,0,70,,632,,,0,29,,627,,,0,85,,640,,,0,90,,635,,,0,100,,636,,,0
6600,'4946',935,,580,,,0,80,,579,,,0,35,,578,,,0,75,,572,,,0,30,,562,,,0,70,,563,,,0,75,,571,,,0,41,,561,,,0,75,,577,,,0,86,,583,,,0,45,,564,,,0,86,,581,,,0,84,,565,,,0,84,,566,,,0,45,,582,,,0,100,,567,,,0,70,,568,,,0,30,,575,,,0,85,,570,,,0,90,,573,,,0,99,,574,,,0
6600,'4955',738,,1465,,,0,84,,1466,,,0,30,,1467,,,0,63,,1468,,,0,39,,1472,,,0,68,,1473,,,0,99,,1470,,,0,101,,1469,,,0,100,,1477,,,0,101,,1478,,,0,36,,1497,,,0,71,,1496,,,0,113,,1494,,,0,104,,1480,,,0,72,,1482,,,0,37,,1484,,,0,55,,1485,,,0,16,,1487,,,0,18,,1486,,,0,60,,1488,,,0,42,,1491,,,0,70,,1479,,,0,30,,1489,,,0,74,,1492,,,0,100,,1493,,,0
6600,'4957',836,,1518,,,0,100,,1512,,,0,80,,1511,,,0,35,,1510,,,0,76,,1504,,,0,30,,1514,,,0,71,,1519,,,0,75,,1501,,,0,44,,1520,,,0,75,,1509,,,0,86,,1522,,,0,45,,1500,,,0,82,,1523,,,0,84,,1502,,,0,84,,1503,,,0,45,,1505,,,0,99,,1506,,,0,70,,1513,,,0,29,,1508,,,0,85,,1521,,,0,90,,1516,,,0,100,,1517,,,0
6600,'4958',935,,1543,,,0,80,,1542,,,0,35,,1541,,,0,75,,1535,,,0,30,,1525,,,0,70,,1526,,,0,75,,1534,,,0,41,,1524,,,0,75,,1539,,,0,86,,1546,,,0,45,,1527,,,0,86,,1544,,,0,84,,1528,,,0,84,,1529,,,0,45,,1545,,,0,100,,1530,,,0,70,,1531,,,0,30,,1538,,,0,85,,1533,,,0,90,,1536,,,0,99,,1537,,,0
